  1    0 -31.2
  1    3 -26.7
  1    6 -25.2
  1    9 -21.1
  1   12 -21.0
  1   15 -21.5
  1   18 -24.6
  1   21 -28.1
  2    0 -31.8
  2    3 -28.3
  2    6 -24.4
  2    9 -21.1
  2   12 -20.6
  2   15 -21.9
  2   18 -24.4
  2   21 -27.9
  3    0 -31.0
  3    3 -27.3
  3    6 -25.8
  3    9 -20.2
  3   12 -22.0
  3   15 -21.8
  3   18 -25.8
  3   21 -27.7
  4    0 -30.2
  4    3 -27.5
  4    6 -24.2
  4    9 -20.4
  4   12 -18.0
  4   15 -21.4
  4   18 -23.2
  4   21 -29.1
  5    0 -30.1
  5    3 -27.9
  5    6 -23.5
  5    9 -23.0
  5   12 -19.9
  5   15 -21.6
  5   18 -25.1
  5   21 -27.5
  6    0 -29.9
  6    3 -30.2
  6    6 -25.1
  6    9 -21.0
  6   12 -17.7
  6   15 -21.8
  6   18 -24.5
  6   21 -27.8
  7    0 -29.9
  7    3 -27.8
  7    6 -23.7
  7    9 -19.3
  7   12 -20.5
  7   15 -21.7
  7   18 -25.9
  7   21 -26.6
  8    0 -29.8
  8    3 -27.8
  8    6 -25.2
  8    9 -21.5
  8   12 -19.6
  8   15 -20.5
  8   18 -24.8
  8   21 -28.0
  9    0 -29.8
  9    3 -27.1
  9    6 -24.4
  9    9 -20.6
  9   12 -20.8
  9   15 -21.0
  9   18 -23.6
  9   21 -28.5
 10    0 -29.7
 10    3 -28.2
 10    6 -26.9
 10    9 -20.4
 10   12 -20.3
 10   15 -19.4
 10   18 -25.1
 10   21 -29.0
 11    0 -29.0
 11    3 -29.2
 11    6 -25.8
 11    9 -19.5
 11   12 -20.0
 11   15 -21.7
 11   18 -23.8
 11   21 -27.2
 12    0 -28.0
 12    3 -29.1
 12    6 -25.0
 12    9 -19.4
 12   12 -19.2
 12   15 -20.8
 12   18 -23.6
 12   21 -29.7
 13    0 -30.1
 13    3 -27.6
 13    6 -25.3
 13    9 -21.3
 13   12 -18.7
 13   15 -21.5
 13   18 -23.9
 13   21 -26.8
 14    0 -29.0
 14    3 -27.3
 14    6 -23.4
 14    9 -22.4
 14   12 -20.6
 14   15 -22.6
 14   18 -22.4
 14   21 -29.7
 15    0 -30.1
 15    3 -27.8
 15    6 -24.3
 15    9 -21.1
 15   12 -19.9
 15   15 -19.9
 15   18 -25.7
 15   21 -28.8
 16    0 -29.8
 16    3 -28.3
 16    6 -23.2
 16    9 -20.2
 16   12 -20.8
 16   15 -21.8
 16   18 -23.0
 16   21 -29.1
 17    0 -29.3
 17    3 -29.4
 17    6 -22.7
 17    9 -18.7
 17   12 -20.5
 17   15 -19.7
 17   18 -22.7
 17   21 -27.0
 18    0 -27.3
 18    3 -27.5
 18    6 -21.9
 18    9 -22.4
 18   12 -19.9
 18   15 -21.0
 18   18 -23.5
 18   21 -25.7
 19    0 -31.4
 19    3 -26.1
 19    6 -24.4
 19    9 -20.9
 19   12 -18.4
 19   15 -21.9
 19   18 -25.0
 19   21 -26.7
 20    0 -28.3
 20    3 -26.6
 20    6 -23.1
 20    9 -19.1
 20   12 -19.5
 20   15 -21.9
 20   18 -23.1
 20   21 -26.6
 21    0 -26.9
 21    3 -26.1
 21    6 -22.7
 21    9 -21.4
 21   12 -19.5
 21   15 -20.2
 21   18 -22.3
 21   21 -27.1
 22    0 -31.2
 22    3 -26.1
 22    6 -22.8
 22    9 -18.4
 22   12 -18.0
 22   15 -19.4
 22   18 -23.8
 22   21 -27.9
 23    0 -29.8
 23    3 -26.8
 23    6 -22.8
 23    9 -18.3
 23   12 -18.0
 23   15 -19.7
 23   18 -23.2
 23   21 -26.4
 24    0 -27.7
 24    3 -26.4
 24    6 -23.1
 24    9 -19.1
 24   12 -19.5
 24   15 -18.7
 24   18 -23.7
 24   21 -26.0
 25    0 -26.7
 25    3 -26.0
 25    6 -23.1
 25    9 -19.5
 25   12 -17.5
 25   15 -18.9
 25   18 -23.1
 25   21 -26.6
 26    0 -27.5
 26    3 -26.8
 26    6 -23.1
 26    9 -17.4
 26   12 -17.1
 26   15 -18.6
 26   18 -24.1
 26   21 -26.0
 27    0 -27.7
 27    3 -26.5
 27    6 -22.3
 27    9 -20.0
 27   12 -17.1
 27   15 -19.6
 27   18 -22.1
 27   21 -26.1
 28    0 -29.1
 28    3 -24.5
 28    6 -22.3
 28    9 -18.8
 28   12 -18.1
 28   15 -19.8
 28   18 -22.1
 28   21 -25.3
 29    0 -27.1
 29    3 -25.9
 29    6 -22.5
 29    9 -18.6
 29   12 -17.1
 29   15 -18.8
 29   18 -22.1
 29   21 -25.5
 30    0 -28.1
 30    3 -25.1
 30    6 -20.7
 30    9 -18.4
 30   12 -16.7
 30   15 -16.4
 30   18 -22.3
 30   21 -25.1
 31    0 -24.7
 31    3 -25.1
 31    6 -21.7
 31    9 -19.0
 31   12 -17.3
 31   15 -19.2
 31   18 -22.7
 31   21 -25.1
 32    0 -25.5
 32    3 -25.0
 32    6 -20.3
 32    9 -19.4
 32   12 -16.3
 32   15 -20.0
 32   18 -21.5
 32   21 -24.2
 33    0 -25.7
 33    3 -24.0
 33    6 -20.3
 33    9 -17.1
 33   12 -14.9
 33   15 -17.9
 33   18 -20.7
 33   21 -25.2
 34    0 -26.9
 34    3 -23.8
 34    6 -18.7
 34    9 -18.7
 34   12 -16.9
 34   15 -17.9
 34   18 -21.7
 34   21 -25.4
 35    0 -25.6
 35    3 -23.8
 35    6 -20.0
 35    9 -17.7
 35   12 -15.4
 35   15 -16.3
 35   18 -21.2
 35   21 -24.4
 36    0 -25.4
 36    3 -24.5
 36    6 -21.0
 36    9 -17.2
 36   12 -15.0
 36   15 -18.4
 36   18 -21.6
 36   21 -24.7
 37    0 -25.5
 37    3 -24.3
 37    6 -20.3
 37    9 -16.0
 37   12 -14.7
 37   15 -16.2
 37   18 -19.9
 37   21 -21.9
 38    0 -24.3
 38    3 -22.8
 38    6 -20.1
 38    9 -15.7
 38   12 -15.3
 38   15 -16.3
 38   18 -20.5
 38   21 -23.6
 39    0 -24.8
 39    3 -23.7
 39    6 -20.6
 39    9 -16.3
 39   12 -16.2
 39   15 -17.3
 39   18 -22.4
 39   21 -24.7
 40    0 -25.1
 40    3 -23.9
 40    6 -20.7
 40    9 -15.4
 40   12 -14.3
 40   15 -15.4
 40   18 -20.5
 40   21 -21.9
 41    0 -24.3
 41    3 -23.2
 41    6 -20.1
 41    9 -17.1
 41   12 -14.5
 41   15 -14.7
 41   18 -21.1
 41   21 -21.8
 42    0 -24.2
 42    3 -21.3
 42    6 -19.0
 42    9 -14.5
 42   12 -15.4
 42   15 -14.7
 42   18 -19.2
 42   21 -21.1
 43    0 -24.1
 43    3 -22.8
 43    6 -19.9
 43    9 -15.6
 43   12 -11.7
 43   15 -14.8
 43   18 -19.3
 43   21 -23.6
 44    0 -23.0
 44    3 -22.4
 44    6 -18.2
 44    9 -15.1
 44   12 -13.6
 44   15 -14.1
 44   18 -20.4
 44   21 -20.8
 45    0 -22.9
 45    3 -20.1
 45    6 -17.7
 45    9 -15.8
 45   12 -13.5
 45   15 -14.4
 45   18 -19.1
 45   21 -21.7
 46    0 -24.0
 46    3 -20.6
 46    6 -18.0
 46    9 -15.3
 46   12 -12.4
 46   15 -14.5
 46   18 -17.0
 46   21 -20.8
 47    0 -23.3
 47    3 -19.9
 47    6 -17.7
 47    9 -14.6
 47   12 -12.5
 47   15 -13.6
 47   18 -19.1
 47   21 -22.1
 48    0 -22.0
 48    3 -20.9
 48    6 -17.2
 48    9 -13.7
 48   12 -12.6
 48   15 -14.9
 48   18 -16.2
 48   21 -19.1
 49    0 -22.5
 49    3 -20.2
 49    6 -15.7
 49    9 -13.6
 49   12 -12.5
 49   15 -13.6
 49   18 -15.9
 49   21 -18.2
 50    0 -22.2
 50    3 -21.3
 50    6 -16.8
 50    9 -14.0
 50   12 -11.6
 50   15 -12.8
 50   18 -16.2
 50   21 -20.7
 51    0 -21.1
 51    3 -19.8
 51    6 -15.5
 51    9 -12.7
 51   12 -12.3
 51   15 -13.5
 51   18 -15.5
 51   21 -19.4
 52    0 -19.9
 52    3 -19.7
 52    6 -16.9
 52    9 -11.2
 52   12 -11.5
 52   15 -12.2
 52   18 -15.3
 52   21 -22.1
 53    0 -19.8
 53    3 -19.5
 53    6 -14.8
 53    9  -9.9
 53   12  -9.8
 53   15 -11.1
 53   18 -15.4
 53   21 -18.5
 54    0 -19.0
 54    3 -18.4
 54    6 -17.4
 54    9 -11.3
 54   12 -10.6
 54   15 -10.5
 54   18 -14.8
 54   21 -18.0
 55    0 -19.7
 55    3 -19.0
 55    6 -16.5
 55    9 -10.4
 55   12  -9.1
 55   15 -11.8
 55   18 -14.5
 55   21 -17.6
 56    0 -19.8
 56    3 -18.5
 56    6 -13.8
 56    9 -11.2
 56   12  -9.6
 56   15  -9.4
 56   18 -15.0
 56   21 -18.3
 57    0 -20.0
 57    3 -17.5
 57    6 -12.6
 57    9 -10.5
 57   12  -7.8
 57   15 -11.1
 57   18 -14.8
 57   21 -18.1
 58    0 -17.6
 58    3 -17.4
 58    6 -14.6
 58    9 -10.7
 58   12  -9.0
 58   15 -11.5
 58   18 -14.8
 58   21 -17.0
 59    0 -19.5
 59    3 -16.6
 59    6 -14.1
 59    9  -9.5
 59   12  -8.7
 59   15  -9.7
 59   18 -13.7
 59   21 -15.2
 60    0 -17.5
 60    3 -16.1
 60    6 -13.1
 60    9  -9.0
 60   12  -8.9
 60   15  -9.6
 60   18 -12.9
 60   21 -17.3
 61    0 -17.7
 61    3 -15.3
 61    6 -10.9
 61    9  -9.0
 61   12  -6.9
 61   15 -10.4
 61   18 -11.7
 61   21 -16.3
 62    0 -18.6
 62    3 -17.5
 62    6 -11.6
 62    9  -9.2
 62   12  -8.0
 62   15  -8.2
 62   18 -12.2
 62   21 -16.3
 63    0 -16.2
 63    3 -16.5
 63    6 -12.2
 63    9  -9.1
 63   12  -7.2
 63   15  -8.7
 63   18 -12.2
 63   21 -14.7
 64    0 -17.4
 64    3 -16.8
 64    6 -12.4
 64    9  -8.5
 64   12  -6.4
 64   15  -8.9
 64   18 -12.6
 64   21 -15.8
 65    0 -16.2
 65    3 -15.8
 65    6 -10.6
 65    9  -9.5
 65   12  -6.4
 65   15  -7.7
 65   18  -9.6
 65   21 -16.6
 66    0 -16.8
 66    3 -13.6
 66    6 -11.0
 66    9  -5.7
 66   12  -7.0
 66   15  -7.9
 66   18 -10.8
 66   21 -15.8
 67    0 -14.3
 67    3 -14.2
 67    6 -10.5
 67    9  -7.1
 67   12  -4.1
 67   15  -6.1
 67   18 -11.3
 67   21 -12.6
 68    0 -15.9
 68    3 -12.2
 68    6  -9.3
 68    9  -7.3
 68   12  -4.1
 68   15  -6.3
 68   18  -9.7
 68   21 -12.8
 69    0 -15.3
 69    3 -13.4
 69    6 -10.3
 69    9  -6.5
 69   12  -5.9
 69   15  -6.1
 69   18 -10.3
 69   21 -12.8
 70    0 -14.5
 70    3 -13.0
 70    6 -10.3
 70    9  -4.9
 70   12  -4.7
 70   15  -4.7
 70   18  -9.1
 70   21 -12.2
 71    0 -14.5
 71    3 -11.6
 71    6  -8.5
 71    9  -4.1
 71   12  -2.3
 71   15  -4.5
 71   18 -10.3
 71   21 -13.2
 72    0 -12.3
 72    3 -11.8
 72    6  -7.5
 72    9  -3.7
 72   12  -3.9
 72   15  -7.3
 72   18  -8.1
 72   21 -11.2
 73    0 -12.7
 73    3 -12.2
 73    6  -7.9
 73    9  -4.3
 73   12  -3.1
 73   15  -5.1
 73   18  -8.5
 73   21 -11.8
 74    0 -13.8
 74    3 -11.8
 74    6  -7.8
 74    9  -4.5
 74   12  -1.8
 74   15  -3.5
 74   18  -7.4
 74   21 -11.2
 75    0 -13.0
 75    3 -11.0
 75    6  -8.0
 75    9  -1.7
 75   12  -4.4
 75   15  -2.9
 75   18  -8.0
 75   21  -9.8
 76    0 -13.6
 76    3 -10.4
 76    6  -7.2
 76    9  -2.1
 76   12  -1.0
 76   15  -3.1
 76   18  -6.4
 76   21  -8.6
 77    0 -11.0
 77    3  -9.7
 77    6  -6.4
 77    9  -1.9
 77   12  -1.4
 77   15  -1.9
 77   18  -6.8
 77   21 -11.3
 78    0 -10.8
 78    3  -9.7
 78    6  -6.2
 78    9  -1.6
 78   12   0.2
 78   15  -2.2
 78   18  -6.2
 78   21  -8.7
 79    0 -10.8
 79    3  -9.1
 79    6  -5.2
 79    9  -1.4
 79   12  -0.2
 79   15  -1.4
 79   18  -5.4
 79   21 -10.9
 80    0 -10.9
 80    3  -7.9
 80    6  -3.3
 80    9   0.6
 80   12   0.3
 80   15  -2.2
 80   18  -5.1
 80   21  -8.7
 81    0  -9.9
 81    3  -8.1
 81    6  -4.5
 81    9  -3.0
 81   12   0.1
 81   15  -1.4
 81   18  -2.9
 81   21  -8.1
 82    0  -9.9
 82    3  -9.0
 82    6  -4.7
 82    9  -0.8
 82   12  -0.1
 82   15  -1.2
 82   18  -3.5
 82   21  -6.2
 83    0  -8.9
 83    3  -7.8
 83    6  -3.7
 83    9   1.1
 83   12   1.9
 83   15   0.9
 83   18  -5.5
 83   21  -6.4
 84    0  -8.6
 84    3  -6.2
 84    6  -5.6
 84    9   1.5
 84   12   1.4
 84   15   0.1
 84   18  -3.0
 84   21  -6.4
 85    0  -7.4
 85    3  -6.9
 85    6  -3.0
 85    9  -0.5
 85   12   2.4
 85   15  -0.1
 85   18  -2.0
 85   21  -7.9
 86    0  -8.8
 86    3  -7.1
 86    6  -1.0
 86    9   1.0
 86   12   2.2
 86   15   1.0
 86   18  -2.8
 86   21  -6.1
 87    0  -8.4
 87    3  -4.9
 87    6  -3.6
 87    9   0.8
 87   12   2.6
 87   15   2.4
 87   18  -0.6
 87   21  -6.7
 88    0  -6.1
 88    3  -6.3
 88    6  -1.9
 88    9   2.6
 88   12   4.7
 88   15   2.2
 88   18  -1.1
 88   21  -4.7
 89    0  -7.1
 89    3  -3.4
 89    6   0.1
 89    9   0.6
 89   12   4.9
 89   15   2.6
 89   18  -0.9
 89   21  -5.4
 90    0  -6.3
 90    3  -5.6
 90    6  -1.9
 90    9   2.5
 90   12   3.9
 90   15   1.5
 90   18  -0.9
 90   21  -5.0
 91    0  -4.4
 91    3  -4.4
 91    6  -2.0
 91    9   3.1
 91   12   4.6
 91   15   3.7
 91   18  -0.8
 91   21  -4.6
 92    0  -3.4
 92    3  -5.1
 92    6  -0.6
 92    9   3.5
 92   12   6.4
 92   15   2.7
 92   18  -1.0
 92   21  -4.5
 93    0  -5.2
 93    3  -2.5
 93    6  -0.8
 93    9   6.0
 93   12   3.6
 93   15   5.6
 93   18   1.0
 93   21  -2.3
 94    0  -5.1
 94    3  -4.1
 94    6   1.3
 94    9   4.4
 94   12   3.9
 94   15   6.2
 94   18   2.1
 94   21  -2.5
 95    0  -4.1
 95    3  -0.4
 95    6   1.9
 95    9   4.4
 95   12   7.1
 95   15   4.6
 95   18   2.5
 95   21  -1.6
 96    0  -3.7
 96    3  -3.2
 96    6   1.5
 96    9   4.7
 96   12   6.3
 96   15   5.3
 96   18   1.9
 96   21  -2.8
 97    0  -3.0
 97    3   0.4
 97    6   1.4
 97    9   5.1
 97   12   7.2
 97   15   6.3
 97   18   2.0
 97   21  -1.2
 98    0  -3.4
 98    3  -2.2
 98    6   1.0
 98    9   5.7
 98   12   7.8
 98   15   5.7
 98   18   2.2
 98   21  -0.8
 99    0  -2.0
 99    3  -1.3
 99    6   3.2
 99    9   7.5
 99   12   8.4
 99   15   5.9
 99   18   3.0
 99   21  -0.1
100    0  -1.4
100    3  -0.3
100    6   4.6
100    9   8.0
100   12   8.0
100   15   7.0
100   18   4.6
100   21  -1.3
101    0  -2.1
101    3  -1.3
101    6   5.1
101    9   7.4
101   12   9.1
101   15   6.8
101   18   5.5
101   21   1.3
102    0  -0.7
102    3   0.6
102    6   3.3
102    9   8.8
102   12   9.5
102   15   8.0
102   18   2.5
102   21  -0.8
103    0   1.5
103    3   1.2
103    6   3.9
103    9   8.5
103   12   9.7
103   15   7.5
103   18   4.5
103   21   2.8
104    0   0.5
104    3   1.8
104    6   4.1
104    9   8.1
104   12   9.9
104   15  10.5
104   18   5.1
104   21   2.8
105    0  -1.0
105    3   1.4
105    6   5.6
105    9  10.7
105   12  10.2
105   15   9.1
105   18   4.4
105   21   1.0
106    0   0.8
106    3   1.6
106    6   6.0
106    9   8.1
106   12  12.4
106   15   9.7
106   18   4.8
106   21   1.0
107    0  -0.2
107    3   3.1
107    6   6.4
107    9   8.7
107   12  10.4
107   15  10.1
107   18   7.2
107   21   3.1
108    0   2.2
108    3   3.1
108    6   8.6
108    9  11.0
108   12  12.4
108   15  12.2
108   18   6.0
108   21   3.5
109    0   2.0
109    3   4.7
109    6   7.8
109    9  11.8
109   12  12.8
109   15  10.6
109   18   8.2
109   21   3.9
110    0   2.6
110    3   6.1
110    6   7.0
110    9  10.2
110   12  12.8
110   15  10.0
110   18   6.6
110   21   5.1
111    0   1.9
111    3   5.9
111    6   7.1
111    9  10.4
111   12  13.3
111   15  12.6
111   18   8.5
111   21   3.1
112    0   4.3
112    3   5.1
112    6   8.9
112    9  12.4
112   12  13.7
112   15  12.2
112   18   8.3
112   21   5.5
113    0   2.9
113    3   7.1
113    6   8.3
113    9  13.6
113   12  13.9
113   15  13.2
113   18   8.9
113   21   5.5
114    0   4.9
114    3   5.1
114    6   8.7
114    9  12.2
114   12  16.1
114   15  14.2
114   18   9.1
114   21   6.3
115    0   4.7
115    3   7.7
115    6  10.7
115    9  11.6
115   12  15.3
115   15  14.4
115   18  10.1
115   21   7.1
116    0   5.9
116    3   6.3
116    6  11.1
116    9  14.8
116   12  14.7
116   15  12.4
116   18  10.3
116   21   7.1
117    0   5.5
117    3   7.9
117    6   9.3
117    9  14.6
117   12  15.3
117   15  14.4
117   18  10.1
117   21   6.9
118    0   5.4
118    3   9.5
118    6  11.2
118    9  16.6
118   12  14.6
118   15  14.0
118   18   9.6
118   21   6.9
119    0   4.8
119    3   7.5
119    6   9.6
119    9  15.6
119   12  16.0
119   15  14.2
119   18  12.2
119   21   7.9
120    0   6.2
120    3   9.5
120    6  12.4
120    9  16.0
120   12  15.2
120   15  15.2
120   18  13.0
120   21   6.5
121    0   7.8
121    3   7.5
121    6  13.0
121    9  16.5
121   12  17.8
121   15  13.9
121   18  12.0
121   21   7.7
122    0   7.0
122    3   8.6
122    6  12.6
122    9  17.7
122   12  18.2
122   15  15.9
122   18  13.0
122   21   8.0
123    0   9.7
123    3   9.2
123    6  13.3
123    9  16.1
123   12  17.5
123   15  16.1
123   18  13.3
123   21   9.4
124    0  10.3
124    3   8.2
124    6  14.5
124    9  16.7
124   12  18.5
124   15  17.9
124   18  13.5
124   21  10.6
125    0   8.9
125    3  10.9
125    6  12.1
125    9  16.8
125   12  17.9
125   15  18.0
125   18  12.9
125   21   8.5
126    0   8.2
126    3  10.9
126    6  14.6
126    9  17.4
126   12  18.0
126   15  18.2
126   18  13.6
126   21  10.1
127    0   9.4
127    3  12.1
127    6  14.2
127    9  18.9
127   12  18.6
127   15  19.3
127   18  13.0
127   21  10.7
128    0   9.2
128    3  11.6
128    6  15.8
128    9  17.9
128   12  20.6
128   15  18.1
128   18  15.0
128   21  11.6
129    0  10.7
129    3  11.2
129    6  15.1
129    9  19.0
129   12  19.5
129   15  18.4
129   18  14.1
129   21  10.8
130    0  10.2
130    3  12.5
130    6  14.6
130    9  16.6
130   12  19.2
130   15  18.0
130   18  14.8
130   21  11.9
131    0  10.6
131    3  12.1
131    6  16.6
131    9  20.7
131   12  21.2
131   15  17.5
131   18  15.4
131   21  10.5
132    0  10.5
132    3  12.8
132    6  14.7
132    9  19.3
132   12  19.9
132   15  19.3
132   18  16.1
132   21  10.4
133    0  11.5
133    3  13.1
133    6  15.9
133    9  19.2
133   12  22.1
133   15  20.6
133   18  16.1
133   21  12.5
134    0  10.4
134    3  13.6
134    6  17.8
134    9  19.7
134   12  22.8
134   15  19.3
134   18  15.6
134   21  12.4
135    0  11.1
135    3  14.2
135    6  16.7
135    9  21.0
135   12  22.1
135   15  20.2
135   18  17.9
135   21  13.6
136    0  14.0
136    3  12.7
136    6  17.0
136    9  19.9
136   12  22.0
136   15  22.1
136   18  17.0
136   21  15.9
137    0  13.3
137    3  13.6
137    6  16.1
137    9  20.9
137   12  20.9
137   15  20.5
137   18  17.3
137   21  12.8
138    0  13.4
138    3  14.5
138    6  18.6
138    9  20.6
138   12  23.2
138   15  22.8
138   18  17.4
138   21  15.1
139    0  12.7
139    3  15.6
139    6  16.5
139    9  21.9
139   12  23.5
139   15  21.3
139   18  18.5
139   21  13.8
140    0  14.8
140    3  15.1
140    6  18.6
140    9  22.0
140   12  25.0
140   15  22.6
140   18  18.8
140   21  13.7
141    0  14.1
141    3  14.0
141    6  17.9
141    9  23.6
141   12  23.3
141   15  23.0
141   18  18.1
141   21  14.0
142    0  13.4
142    3  15.7
142    6  19.0
142    9  21.7
142   12  24.0
142   15  22.5
142   18  18.6
142   21  17.7
143    0  15.1
143    3  16.1
143    6  19.7
143    9  21.4
143   12  25.9
143   15  21.2
143   18  20.5
143   21  15.7
144    0  15.3
144    3  15.8
144    6  19.1
144    9  22.9
144   12  25.1
144   15  24.3
144   18  20.5
144   21  16.2
145    0  15.4
145    3  17.1
145    6  18.8
145    9  22.7
145   12  26.2
145   15  23.1
145   18  20.2
145   21  16.3
146    0  16.1
146    3  16.5
146    6  19.9
146    9  23.4
146   12  24.7
146   15  24.8
146   18  20.7
146   21  15.1
147    0  15.3
147    3  16.2
147    6  20.5
147    9  24.3
147   12  26.3
147   15  22.5
147   18  20.1
147   21  17.0
148    0  15.4
148    3  17.6
148    6  20.2
148    9  24.3
148   12  24.6
148   15  23.9
148   18  21.8
148   21  18.8
149    0  16.8
149    3  18.3
149    6  19.4
149    9  24.4
149   12  26.2
149   15  25.0
149   18  20.4
149   21  15.9
150    0  14.1
150    3  15.7
150    6  20.3
150    9  23.0
150   12  26.1
150   15  25.2
150   18  19.7
150   21  17.7
151    0  15.7
151    3  17.5
151    6  20.1
151    9  24.8
151   12  25.7
151   15  25.4
151   18  21.1
151   21  17.1
152    0  16.9
152    3  16.4
152    6  21.7
152    9  24.6
152   12  27.3
152   15  24.8
152   18  20.9
152   21  16.6
153    0  16.5
153    3  17.8
153    6  21.3
153    9  25.7
153   12  27.9
153   15  26.1
153   18  21.3
153   21  19.4
154    0  18.3
154    3  18.6
154    6  22.9
154    9  25.5
154   12  26.5
154   15  24.1
154   18  21.9
154   21  20.4
155    0  16.1
155    3  18.0
155    6  22.9
155    9  26.5
155   12  28.1
155   15  27.1
155   18  21.7
155   21  20.2
156    0  16.7
156    3  19.0
156    6  24.9
156    9  25.9
156   12  27.3
156   15  25.5
156   18  23.5
156   21  18.6
157    0  17.3
157    3  19.8
157    6  23.7
157    9  25.9
157   12  28.7
157   15  24.1
157   18  21.5
157   21  18.2
158    0  17.7
158    3  19.6
158    6  24.1
158    9  26.6
158   12  29.1
158   15  26.6
158   18  22.9
158   21  20.6
159    0  18.9
159    3  18.9
159    6  24.5
159    9  26.4
159   12  27.9
159   15  26.4
159   18  23.5
159   21  20.5
160    0  18.3
160    3  19.3
160    6  22.1
160    9  25.2
160   12  29.5
160   15  28.2
160   18  21.5
160   21  20.3
161    0  18.4
161    3  21.7
161    6  23.4
161    9  26.8
161   12  27.2
161   15  26.4
161   18  23.4
161   21  18.9
162    0  19.4
162    3  21.2
162    6  23.6
162    9  27.7
162   12  29.0
162   15  27.1
162   18  23.6
162   21  21.6
163    0  18.9
163    3  19.8
163    6  24.3
163    9  28.1
163   12  28.9
163   15  27.7
163   18  23.9
163   21  21.2
164    0  19.7
164    3  18.9
164    6  23.1
164    9  27.4
164   12  29.5
164   15  27.4
164   18  24.9
164   21  20.3
165    0  19.4
165    3  19.7
165    6  22.0
165    9  27.3
165   12  29.0
165   15  28.5
165   18  24.2
165   21  19.7
166    0  17.7
166    3  20.6
166    6  24.9
166    9  27.3
166   12  28.3
166   15  26.3
166   18  22.9
166   21  20.8
167    0  18.7
167    3  19.5
167    6  23.5
167    9  27.4
167   12  30.5
167   15  27.6
167   18  23.3
167   21  20.9
168    0  19.2
168    3  21.8
168    6  23.8
168    9  27.5
168   12  29.0
168   15  26.7
168   18  22.2
168   21  20.6
169    0  17.7
169    3  19.5
169    6  24.5
169    9  28.2
169   12  26.5
169   15  29.6
169   18  25.3
169   21  19.7
170    0  18.4
170    3  19.6
170    6  24.4
170    9  27.5
170   12  29.2
170   15  27.5
170   18  23.8
170   21  20.8
171    0  19.5
171    3  19.7
171    6  24.9
171    9  28.0
171   12  27.3
171   15  26.6
171   18  25.9
171   21  18.7
172    0  20.4
172    3  19.8
172    6  23.0
172    9  27.1
172   12  28.4
172   15  28.7
172   18  23.0
172   21  21.8
173    0  19.4
173    3  21.3
173    6  24.0
173    9  27.4
173   12  30.0
173   15  28.6
173   18  24.6
173   21  20.3
174    0  18.9
174    3  21.4
174    6  25.7
174    9  26.6
174   12  30.7
174   15  28.0
174   18  24.1
174   21  20.4
175    0  20.0
175    3  22.6
175    6  24.4
175    9  27.1
175   12  29.6
175   15  28.3
175   18  24.4
175   21  21.8
176    0  22.0
176    3  21.5
176    6  25.8
176    9  27.6
176   12  29.6
176   15  27.6
176   18  24.2
176   21  21.1
177    0  19.9
177    3  21.9
177    6  24.9
177    9  28.8
177   12  28.9
177   15  28.6
177   18  25.3
177   21  21.5
178    0  19.5
178    3  23.0
178    6  22.9
178    9  28.0
178   12  28.9
178   15  28.2
178   18  25.7
178   21  22.6
179    0  19.7
179    3  23.4
179    6  26.7
179    9  27.1
179   12  30.5
179   15  28.5
179   18  23.1
179   21  20.6
180    0  19.0
180    3  21.4
180    6  24.6
180    9  28.1
180   12  31.6
180   15  29.3
180   18  25.4
180   21  20.4
181    0  19.6
181    3  20.8
181    6  25.4
181    9  28.5
181   12  31.8
181   15  30.1
181   18  25.8
181   21  22.4
182    0  19.2
182    3  20.7
182    6  24.6
182    9  29.5
182   12  29.4
182   15  28.5
182   18  25.0
182   21  22.1
183    0  20.4
183    3  21.5
183    6  26.0
183    9  28.9
183   12  30.6
183   15  27.1
183   18  25.2
183   21  20.7
184    0  20.6
184    3  21.7
184    6  24.6
184    9  28.5
184   12  30.6
184   15  28.5
184   18  25.0
184   21  21.9
185    0  20.4
185    3  20.2
185    6  25.6
185    9  26.5
185   12  30.6
185   15  28.7
185   18  25.4
185   21  22.0
186    0  21.0
186    3  20.2
186    6  26.0
186    9  29.5
186   12  31.8
186   15  27.5
186   18  23.8
186   21  20.4
187    0  20.3
187    3  20.8
187    6  26.3
187    9  28.7
187   12  29.9
187   15  27.9
187   18  25.9
187   21  20.2
188    0  19.9
188    3  20.4
188    6  26.5
188    9  26.6
188   12  30.7
188   15  29.2
188   18  25.3
188   21  20.4
189    0  21.1
189    3  23.1
189    6  25.5
189    9  26.8
189   12  30.1
189   15  27.6
189   18  25.9
189   21  20.9
190    0  18.8
190    3  22.5
190    6  26.6
190    9  28.8
190   12  28.4
190   15  28.0
190   18  25.6
190   21  21.1
191    0  19.4
191    3  20.8
191    6  26.0
191    9  28.5
191   12  29.2
191   15  29.5
191   18  25.8
191   21  19.8
192    0  18.9
192    3  19.6
192    6  24.7
192    9  28.8
192   12  28.3
192   15  28.2
192   18  23.9
192   21  21.4
193    0  19.8
193    3  21.3
193    6  25.4
193    9  28.2
193   12  31.6
193   15  28.2
193   18  24.2
193   21  22.3
194    0  17.4
194    3  21.2
194    6  23.6
194    9  29.1
194   12  28.0
194   15  28.5
194   18  25.2
194   21  19.4
195    0  18.7
195    3  23.5
195    6  23.9
195    9  27.6
195   12  29.3
195   15  27.8
195   18  23.7
195   21  20.7
196    0  20.0
196    3  21.0
196    6  24.4
196    9  25.7
196   12  29.6
196   15  27.5
196   18  25.6
196   21  21.2
197    0  18.9
197    3  19.3
197    6  24.1
197    9  28.6
197   12  29.3
197   15  27.4
197   18  22.9
197   21  20.3
198    0  19.4
198    3  20.6
198    6  25.0
198    9  25.7
198   12  29.6
198   15  29.1
198   18  25.4
198   21  22.6
199    0  18.9
199    3  19.7
199    6  24.7
199    9  27.2
199   12  28.1
199   15  26.8
199   18  25.1
199   21  20.9
200    0  20.9
200    3  20.4
200    6  22.9
200    9  29.5
200   12  28.3
200   15  28.1
200   18  22.9
200   21  21.8
201    0  19.8
201    3  19.7
201    6  23.0
201    9  27.9
201   12  29.0
201   15  27.5
201   18  23.0
201   21  21.3
202    0  17.1
202    3  20.5
202    6  24.5
202    9  27.2
202   12  28.9
202   15  25.8
202   18  23.9
202   21  18.9
203    0  19.7
203    3  20.6
203    6  23.9
203    9  26.3
203   12  29.1
203   15  25.9
203   18  24.1
203   21  20.0
204    0  19.2
204    3  18.6
204    6  24.0
204    9  25.5
204   12  29.6
204   15  27.9
204   18  23.2
204   21  21.0
205    0  19.6
205    3  18.9
205    6  24.0
205    9  27.6
205   12  28.0
205   15  27.6
205   18  23.0
205   21  21.1
206    0  18.9
206    3  19.1
206    6  24.7
206    9  26.8
206   12  28.1
206   15  26.4
206   18  23.5
206   21  21.5
207    0  19.9
207    3  19.9
207    6  22.9
207    9  27.6
207   12  27.7
207   15  26.8
207   18  23.5
207   21  19.7
208    0  17.1
208    3  20.0
208    6  23.9
208    9  24.8
208   12  27.9
208   15  27.2
208   18  23.5
208   21  18.8
209    0  16.7
209    3  19.0
209    6  23.5
209    9  27.5
209   12  25.9
209   15  26.1
209   18  23.9
209   21  19.4
210    0  17.3
210    3  17.8
210    6  21.5
210    9  24.9
210   12  28.9
210   15  25.7
210   18  24.1
210   21  18.0
211    0  17.3
211    3  18.6
211    6  22.3
211    9  25.3
211   12  28.9
211   15  25.7
211   18  21.5
211   21  17.6
212    0  15.5
212    3  19.2
212    6  22.1
212    9  26.1
212   12  26.1
212   15  25.7
212   18  22.3
212   21  18.0
213    0  16.9
213    3  18.2
213    6  22.1
213    9  24.3
213   12  26.5
213   15  24.1
213   18  20.9
213   21  18.8
214    0  16.5
214    3  18.4
214    6  19.7
214    9  24.6
214   12  24.9
214   15  25.8
214   18  21.7
214   21  17.6
215    0  16.7
215    3  17.1
215    6  21.7
215    9  24.4
215   12  28.7
215   15  24.2
215   18  21.1
215   21  17.3
216    0  14.1
216    3  18.1
216    6  21.7
216    9  25.0
216   12  25.5
216   15  25.8
216   18  21.9
216   21  17.1
217    0  16.6
217    3  17.7
217    6  19.2
217    9  22.2
217   12  26.2
217   15  24.6
217   18  22.0
217   21  17.9
218    0  14.6
218    3  18.0
218    6  20.8
218    9  23.5
218   12  25.6
218   15  22.9
218   18  20.4
218   21  17.8
219    0  14.9
219    3  16.0
219    6  19.3
219    9  25.5
219   12  24.7
219   15  25.7
219   18  19.1
219   21  15.2
220    0  13.1
220    3  16.5
220    6  19.9
220    9  23.8
220   12  23.3
220   15  24.0
220   18  20.1
220   21  15.5
221    0  16.2
221    3  15.7
221    6  20.6
221    9  23.9
221   12  24.6
221   15  24.1
221   18  18.8
221   21  17.9
222    0  15.1
222    3  16.2
222    6  19.3
222    9  23.1
222   12  25.9
222   15  22.7
222   18  19.7
222   21  16.0
223    0  13.1
223    3  17.5
223    6  18.7
223    9  23.6
223   12  24.5
223   15  22.6
223   18  18.5
223   21  16.9
224    0  13.6
224    3  15.5
224    6  19.2
224    9  23.7
224   12  25.8
224   15  21.3
224   18  17.6
224   21  15.9
225    0  13.1
225    3  14.4
225    6  19.3
225    9  22.8
225   12  24.5
225   15  21.0
225   18  18.1
225   21  14.4
226    0  13.8
226    3  15.5
226    6  19.4
226    9  21.6
226   12  22.2
226   15  20.8
226   18  17.8
226   21  15.5
227    0  14.9
227    3  16.6
227    6  18.7
227    9  21.5
227   12  23.9
227   15  21.7
227   18  17.1
227   21  16.2
228    0  12.2
228    3  14.5
228    6  17.4
228    9  21.6
228   12  22.8
228   15  22.6
228   18  19.0
228   21  13.9
229    0  12.9
229    3  15.0
229    6  16.1
229    9  21.7
229   12  23.7
229   15  21.5
229   18  18.5
229   21  14.6
230    0  14.0
230    3  14.3
230    6  19.0
230    9  19.7
230   12  22.4
230   15  19.9
230   18  16.4
230   21  12.9
231    0  11.7
231    3  14.0
231    6  17.9
231    9  19.2
231   12  22.9
231   15  20.8
231   18  18.5
231   21  13.2
232    0  12.2
232    3  12.6
232    6  16.4
232    9  19.9
232   12  20.2
232   15  19.7
232   18  15.4
232   21  12.8
233    0  12.1
233    3  12.3
233    6  16.5
233    9  19.4
233   12  21.3
233   15  20.0
233   18  16.5
233   21  12.1
234    0  10.1
234    3  12.8
234    6  16.5
234    9  17.7
234   12  21.5
234   15  18.5
234   18  16.9
234   21  14.2
235    0  10.2
235    3  11.3
235    6  15.6
235    9  17.7
235   12  21.2
235   15  17.5
235   18  15.6
235   21  10.9
236    0  10.6
236    3  13.3
236    6  14.4
236    9  19.6
236   12  21.4
236   15  18.4
236   18  14.8
236   21  10.5
237    0  10.5
237    3  10.4
237    6  16.7
237    9  19.0
237   12  19.5
237   15  18.0
237   18  13.1
237   21  10.4
238    0  10.6
238    3  12.4
238    6  14.8
238    9  16.5
238   12  18.6
238   15  17.7
238   18  14.0
238   21   9.6
239    0   9.2
239    3  10.7
239    6  14.0
239    9  17.1
239   12  20.4
239   15  16.9
239   18  15.4
239   21  10.9
240    0  10.0
240    3  12.9
240    6  14.4
240    9  17.6
240   12  18.6
240   15  16.8
240   18  15.2
240   21  10.5
241    0   7.3
241    3   9.3
241    6  12.1
241    9  17.0
241   12  19.3
241   15  17.0
241   18  11.7
241   21   8.1
242    0   7.9
242    3  10.2
242    6  12.3
242    9  16.5
242   12  18.5
242   15  16.7
242   18  13.3
242   21   9.0
243    0   8.3
243    3   7.6
243    6  11.5
243    9  15.5
243   12  17.5
243   15  17.1
243   18  12.5
243   21   9.0
244    0   6.8
244    3   8.0
244    6  12.2
244    9  16.7
244   12  16.2
244   15  14.7
244   18  11.6
244   21  10.6
245    0   8.0
245    3   9.1
245    6  10.4
245    9  17.1
245   12  16.4
245   15  14.5
245   18  10.8
245   21  10.1
246    0   7.0
246    3   9.7
246    6  12.4
246    9  14.2
246   12  17.6
246   15  14.8
246   18  12.4
246   21   7.5
247    0   6.2
247    3   7.3
247    6  11.4
247    9  16.0
247   12  16.0
247   15  14.0
247   18  11.8
247   21   7.7
248    0   5.6
248    3   5.5
248    6  10.4
248    9  15.0
248   12  17.4
248   15  14.8
248   18  10.0
248   21   9.7
249    0   5.3
249    3   7.1
249    6   9.9
249    9  13.8
249   12  16.3
249   15  13.8
249   18   9.9
249   21   7.5
250    0   4.3
250    3   5.7
250    6   8.9
250    9  14.8
250   12  15.5
250   15  12.4
250   18  10.3
250   21   8.3
251    0   4.3
251    3   4.1
251    6   9.9
251    9  13.6
251   12  12.9
251   15  14.0
251   18   9.5
251   21   5.1
252    0   4.7
252    3   5.3
252    6   9.3
252    9  12.2
252   12  13.9
252   15  12.6
252   18   8.5
252   21   4.7
253    0   3.5
253    3   5.9
253    6   9.9
253    9  13.0
253   12  12.7
253   15  11.4
253   18   8.9
253   21   6.3
254    0   2.7
254    3   4.5
254    6   8.9
254    9   9.8
254   12  13.3
254   15  11.2
254   18   8.7
254   21   4.3
255    0   4.3
255    3   2.5
255    6   6.7
255    9  12.4
255   12  12.1
255   15  10.8
255   18   8.1
255   21   4.5
256    0   3.8
256    3   4.3
256    6   6.8
256    9  12.6
256   12  12.2
256   15  10.6
256   18   7.6
256   21   4.3
257    0   1.4
257    3   3.3
257    6   7.2
257    9   9.8
257   12  12.4
257   15  10.4
257   18   8.2
257   21   4.1
258    0   0.0
258    3   2.9
258    6   6.8
258    9  10.0
258   12  11.0
258   15  10.8
258   18   6.0
258   21   4.3
259    0   1.0
259    3   3.1
259    6   6.6
259    9  10.5
259   12  10.8
259   15   9.5
259   18   6.0
259   21   3.5
260    0   1.0
260    3   2.2
260    6   6.0
260    9   8.3
260   12  11.4
260   15   9.3
260   18   6.2
260   21   2.8
261    0   0.4
261    3   1.8
261    6   6.8
261    9   9.3
261   12  11.6
261   15   8.9
261   18   6.6
261   21   0.6
262    0  -0.7
262    3   0.4
262    6   6.3
262    9  10.5
262   12   9.3
262   15   7.9
262   18   5.7
262   21   0.2
263    0   0.5
263    3   1.0
263    6   4.5
263    9   9.3
263   12   9.3
263   15   8.5
263   18   5.5
263   21   1.0
264    0   0.1
264    3   2.6
264    6   4.5
264    9   7.0
264   12   9.5
264   15   9.6
264   18   4.1
264   21   2.0
265    0  -0.9
265    3   0.5
265    6   4.1
265    9   6.8
265   12   9.5
265   15   8.6
265   18   3.7
265   21  -0.1
266    0  -3.4
266    3   0.7
266    6   3.8
266    9   7.8
266   12   8.8
266   15   7.2
266   18   2.8
266   21   0.7
267    0  -3.4
267    3  -0.7
267    6   3.4
267    9   8.3
267   12   7.4
267   15   6.3
267   18   4.4
267   21  -0.7
268    0  -2.2
268    3  -1.8
268    6   3.6
268    9   7.1
268   12   6.4
268   15   7.3
268   18   2.6
268   21  -1.8
269    0  -2.8
269    3  -1.6
269    6   1.6
269    9   5.7
269   12   6.6
269   15   6.7
269   18   3.0
269   21  -2.0
270    0  -3.5
270    3  -1.6
270    6   1.5
270    9   6.1
270   12   6.7
270   15   4.9
270   18   0.1
270   21  -1.2
271    0  -3.9
271    3  -0.8
271    6   2.1
271    9   5.6
271   12   7.1
271   15   6.0
271   18   2.1
271   21  -2.6
272    0  -2.1
272    3  -3.1
272    6  -0.9
272    9   3.6
272   12   4.9
272   15   4.0
272   18   1.7
272   21  -4.3
273    0  -3.2
273    3  -4.7
273    6   0.4
273    9   4.8
273   12   5.0
273   15   5.6
273   18  -1.0
273   21  -4.9
274    0  -4.8
274    3  -4.9
274    6   0.4
274    9   3.9
274   12   4.6
274   15   2.1
274   18   0.6
274   21  -5.1
275    0  -4.6
275    3  -3.8
275    6  -1.8
275    9   2.3
275   12   3.6
275   15   3.3
275   18  -0.8
275   21  -3.6
276    0  -6.7
276    3  -4.0
276    6  -2.5
276    9   2.5
276   12   3.5
276   15   2.5
276   18  -2.7
276   21  -3.2
277    0  -4.7
277    3  -4.2
277    6  -0.7
277    9   1.4
277   12   2.7
277   15   2.2
277   18  -1.9
277   21  -5.4
278    0  -5.5
278    3  -3.3
278    6  -1.5
278    9   1.4
278   12   3.5
278   15   1.0
278   18  -0.7
278   21  -5.7
279    0  -6.8
279    3  -6.9
279    6  -2.2
279    9   1.2
279   12   3.0
279   15   1.2
279   18  -1.6
279   21  -6.5
280    0  -7.0
280    3  -5.1
280    6  -2.0
280    9   1.8
280   12   2.6
280   15   1.0
280   18  -3.2
280   21  -6.7
281    0  -8.2
281    3  -5.1
281    6  -3.2
281    9   0.5
281   12   2.2
281   15   2.9
281   18  -3.0
281   21  -6.5
282    0  -8.0
282    3  -8.0
282    6  -2.4
282    9   0.9
282   12   1.0
282   15  -1.9
282   18  -2.4
282   21  -4.6
283    0  -8.3
283    3  -7.4
283    6  -3.5
283    9   0.9
283   12   0.9
283   15   1.1
283   18  -5.1
283   21  -8.4
284    0  -9.1
284    3  -7.2
284    6  -4.3
284    9  -1.0
284   12   0.7
284   15  -0.2
284   18  -3.5
284   21  -8.6
285    0  -8.5
285    3  -9.3
285    6  -5.3
285    9  -1.0
285   12   0.5
285   15  -1.2
285   18  -4.7
285   21  -9.1
286    0  -8.9
286    3  -8.5
286    6  -4.7
286    9  -1.6
286   12  -0.5
286   15  -0.0
286   18  -4.5
286   21  -8.9
287    0 -12.0
287    3 -10.3
287    6  -5.0
287    9  -2.2
287   12  -0.6
287   15  -1.6
287   18  -5.0
287   21  -8.1
288    0 -10.0
288    3 -10.1
288    6  -7.2
288    9  -2.4
288   12  -2.0
288   15  -3.0
288   18  -6.6
288   21  -9.9
289    0 -11.6
289    3  -9.7
289    6  -7.2
289    9  -3.1
289   12  -1.8
289   15  -4.3
289   18  -5.4
289   21  -7.9
290    0 -12.0
290    3 -10.4
290    6  -6.0
290    9  -3.1
290   12  -2.0
290   15  -4.1
290   18  -5.0
290   21  -9.8
291    0 -13.0
291    3 -10.2
291    6  -6.8
291    9  -4.1
291   12  -2.8
291   15  -3.3
291   18  -7.4
291   21 -12.4
292    0 -11.6
292    3 -12.2
292    6 -10.0
292    9  -3.5
292   12  -2.6
292   15  -3.7
292   18  -7.4
292   21 -12.2
293    0 -12.5
293    3 -11.6
293    6  -6.9
293    9  -4.9
293   12  -3.9
293   15  -3.3
293   18  -7.7
293   21 -11.2
294    0 -11.7
294    3 -11.0
294    6  -6.3
294    9  -5.3
294   12  -2.7
294   15  -4.9
294   18  -8.1
294   21 -13.2
295    0 -13.3
295    3 -12.2
295    6  -9.5
295    9  -4.3
295   12  -4.5
295   15  -7.1
295   18  -9.1
295   21 -10.8
296    0 -12.7
296    3 -12.2
296    6  -8.5
296    9  -7.5
296   12  -3.1
296   15  -5.5
296   18  -8.5
296   21 -11.8
297    0 -15.5
297    3 -12.2
297    6  -8.7
297    9  -4.7
297   12  -4.9
297   15  -6.1
297   18 -10.3
297   21 -13.4
298    0 -15.7
298    3 -14.8
298    6  -9.7
298    9  -6.7
298   12  -5.3
298   15  -7.3
298   18  -8.7
298   21 -12.4
299    0 -16.5
299    3 -13.4
299    6  -9.3
299    9  -6.7
299   12  -5.3
299   15  -7.5
299   18 -10.3
299   21 -14.6
300    0 -14.4
300    3 -13.6
300    6 -10.0
300    9  -7.3
300   12  -5.6
300   15  -6.3
300   18 -10.0
300   21 -13.6
301    0 -17.4
301    3 -15.4
301    6 -10.0
301    9  -6.7
301   12  -7.2
301   15  -8.3
301   18 -11.4
301   21 -14.0
302    0 -16.6
302    3 -14.2
302    6 -10.6
302    9  -8.5
302   12  -6.8
302   15  -9.7
302   18 -10.4
302   21 -13.4
303    0 -16.0
303    3 -15.5
303    6 -13.4
303    9  -9.1
303   12  -6.8
303   15  -7.7
303   18 -11.0
303   21 -17.5
304    0 -16.2
304    3 -15.5
304    6 -10.8
304    9  -8.6
304   12  -8.6
304   15  -9.6
304   18 -11.6
304   21 -15.7
305    0 -17.9
305    3 -17.9
305    6 -12.1
305    9 -11.4
305   12  -7.1
305   15  -8.0
305   18 -13.1
305   21 -16.5
306    0 -17.5
306    3 -17.5
306    6 -14.1
306    9 -10.0
306   12  -6.7
306   15  -8.2
306   18 -12.5
306   21 -16.3
307    0 -17.3
307    3 -16.4
307    6 -14.9
307    9 -10.1
307   12  -8.5
307   15  -9.1
307   18 -12.7
307   21 -16.8
308    0 -19.2
308    3 -15.4
308    6 -14.2
308    9 -10.9
308   12  -8.2
308   15 -10.9
308   18 -13.8
308   21 -16.4
309    0 -18.6
309    3 -16.7
309    6 -13.0
309    9 -10.9
309   12 -10.4
309   15  -9.9
309   18 -14.2
309   21 -17.5
310    0 -19.6
310    3 -19.1
310    6 -15.6
310    9 -11.0
310   12 -10.0
310   15 -10.4
310   18 -12.8
310   21 -19.5
311    0 -21.3
311    3 -18.8
311    6 -15.5
311    9 -12.0
311   12 -10.3
311   15 -11.2
311   18 -13.5
311   21 -18.2
312    0 -20.8
312    3 -18.0
312    6 -15.0
312    9 -13.1
312   12 -10.6
312   15 -10.1
312   18 -15.0
312   21 -18.6
313    0 -21.4
313    3 -18.9
313    6 -15.4
313    9 -13.1
313   12 -10.8
313   15 -11.3
313   18 -15.6
313   21 -19.3
314    0 -20.5
314    3 -19.7
314    6 -14.5
314    9 -12.4
314   12 -10.9
314   15 -12.0
314   18 -16.5
314   21 -18.1
315    0 -21.7
315    3 -20.0
315    6 -15.7
315    9 -12.7
315   12 -11.3
315   15 -12.3
315   18 -15.5
315   21 -19.8
316    0 -23.0
316    3 -19.7
316    6 -16.6
316    9 -13.2
316   12 -11.2
316   15 -15.0
316   18 -15.2
316   21 -20.3
317    0 -20.9
317    3 -21.6
317    6 -17.7
317    9 -13.2
317   12 -11.5
317   15 -14.2
317   18 -16.1
317   21 -20.6
318    0 -23.4
318    3 -20.1
318    6 -16.8
318    9 -12.3
318   12 -11.8
318   15 -12.9
318   18 -16.4
318   21 -22.1
319    0 -22.1
319    3 -20.9
319    6 -16.5
319    9 -15.0
319   12 -13.9
319   15 -14.8
319   18 -18.3
319   21 -20.9
320    0 -23.6
320    3 -21.4
320    6 -18.4
320    9 -15.3
320   12 -12.2
320   15 -13.7
320   18 -17.2
320   21 -22.8
321    0 -22.1
321    3 -21.5
321    6 -16.1
321    9 -15.2
321   12 -13.1
321   15 -13.6
321   18 -19.3
321   21 -22.7
322    0 -26.0
322    3 -21.8
322    6 -17.6
322    9 -16.7
322   12 -14.0
322   15 -15.1
322   18 -20.0
322   21 -21.8
323    0 -24.5
323    3 -22.4
323    6 -18.5
323    9 -15.2
323   12 -13.7
323   15 -16.6
323   18 -18.3
323   21 -22.6
324    0 -22.6
324    3 -22.1
324    6 -19.6
324    9 -16.3
324   12 -16.6
324   15 -16.7
324   18 -19.6
324   21 -23.5
325    0 -24.1
325    3 -23.8
325    6 -20.1
325    9 -15.3
325   12 -14.5
325   15 -15.7
325   18 -18.7
325   21 -22.4
326    0 -24.7
326    3 -22.5
326    6 -18.1
326    9 -16.6
326   12 -15.3
326   15 -14.8
326   18 -20.3
326   21 -23.9
327    0 -25.0
327    3 -22.3
327    6 -18.8
327    9 -17.1
327   12 -15.0
327   15 -15.1
327   18 -20.2
327   21 -23.1
328    0 -24.5
328    3 -24.4
328    6 -18.9
328    9 -15.7
328   12 -15.1
328   15 -16.1
328   18 -19.5
328   21 -24.4
329    0 -24.5
329    3 -22.7
329    6 -19.3
329    9 -17.8
329   12 -15.5
329   15 -17.2
329   18 -20.7
329   21 -24.3
330    0 -25.6
330    3 -25.3
330    6 -20.8
330    9 -17.4
330   12 -14.8
330   15 -17.4
330   18 -20.8
330   21 -25.5
331    0 -25.6
331    3 -25.4
331    6 -20.0
331    9 -15.7
331   12 -16.2
331   15 -17.1
331   18 -20.0
331   21 -23.6
332    0 -24.7
332    3 -24.6
332    6 -21.5
332    9 -18.7
332   12 -16.3
332   15 -16.1
332   18 -22.5
332   21 -22.8
333    0 -27.1
333    3 -25.2
333    6 -19.7
333    9 -17.9
333   12 -16.1
333   15 -17.7
333   18 -20.1
333   21 -24.8
334    0 -25.5
334    3 -25.8
334    6 -20.9
334    9 -16.8
334   12 -17.1
334   15 -17.6
334   18 -19.7
334   21 -24.2
335    0 -25.9
335    3 -25.5
335    6 -20.1
335    9 -16.0
335   12 -16.3
335   15 -17.6
335   18 -22.3
335   21 -25.9
336    0 -26.9
336    3 -26.1
336    6 -20.7
336    9 -17.8
336   12 -16.9
336   15 -18.6
336   18 -23.1
336   21 -25.5
337    0 -26.3
337    3 -25.5
337    6 -22.7
337    9 -19.0
337   12 -16.3
337   15 -19.6
337   18 -20.5
337   21 -25.7
338    0 -28.3
338    3 -26.5
338    6 -21.9
338    9 -18.4
338   12 -16.9
338   15 -19.8
338   18 -23.9
338   21 -27.1
339    0 -27.1
339    3 -26.5
339    6 -20.5
339    9 -18.2
339   12 -17.7
339   15 -20.0
339   18 -23.7
339   21 -26.1
340    0 -27.7
340    3 -27.6
340    6 -22.9
340    9 -20.0
340   12 -18.3
340   15 -18.8
340   18 -22.3
340   21 -26.0
341    0 -27.1
341    3 -25.4
341    6 -22.9
341    9 -21.1
341   12 -19.1
341   15 -19.1
341   18 -21.7
341   21 -26.8
342    0 -28.1
342    3 -27.8
342    6 -24.1
342    9 -19.3
342   12 -16.9
342   15 -18.3
342   18 -24.1
342   21 -26.6
343    0 -29.2
343    3 -27.2
343    6 -24.0
343    9 -18.7
343   12 -18.4
343   15 -19.5
343   18 -22.4
343   21 -26.8
344    0 -27.8
344    3 -27.5
344    6 -24.4
344    9 -19.8
344   12 -18.6
344   15 -19.0
344   18 -24.0
344   21 -27.9
345    0 -29.3
345    3 -25.7
345    6 -21.7
345    9 -19.8
345   12 -18.3
345   15 -21.2
345   18 -24.1
345   21 -27.1
346    0 -28.9
346    3 -27.8
346    6 -23.7
346    9 -21.7
346   12 -20.9
346   15 -19.9
346   18 -24.7
346   21 -29.0
347    0 -28.4
347    3 -27.5
347    6 -24.2
347    9 -21.9
347   12 -18.4
347   15 -20.3
347   18 -25.2
347   21 -27.7
348    0 -28.3
348    3 -27.3
348    6 -23.1
348    9 -20.8
348   12 -20.1
348   15 -19.0
348   18 -24.9
348   21 -27.3
349    0 -29.1
349    3 -27.2
349    6 -23.3
349    9 -21.1
349   12 -19.3
349   15 -19.9
349   18 -22.9
349   21 -28.6
350    0 -30.2
350    3 -26.9
350    6 -23.4
350    9 -20.2
350   12 -19.2
350   15 -19.6
350   18 -24.8
350   21 -26.1
351    0 -29.1
351    3 -28.0
351    6 -23.7
351    9 -22.3
351   12 -19.3
351   15 -20.5
351   18 -23.3
351   21 -28.6
352    0 -29.6
352    3 -28.3
352    6 -25.6
352    9 -19.2
352   12 -18.6
352   15 -21.2
352   18 -24.8
352   21 -27.1
353    0 -29.7
353    3 -28.8
353    6 -25.5
353    9 -21.7
353   12 -18.1
353   15 -19.1
353   18 -22.7
353   21 -28.0
354    0 -29.8
354    3 -29.3
354    6 -25.0
354    9 -19.8
354   12 -21.2
354   15 -21.2
354   18 -25.4
354   21 -29.7
355    0 -30.0
355    3 -29.8
355    6 -25.8
355    9 -20.5
355   12 -20.8
355   15 -20.7
355   18 -24.4
355   21 -27.4
356    0 -28.7
356    3 -28.2
356    6 -23.9
356    9 -22.2
356   12 -19.3
356   15 -20.8
356   18 -25.5
356   21 -27.0
357    0 -28.8
357    3 -29.7
357    6 -23.8
357    9 -21.0
357   12 -19.8
357   15 -20.2
357   18 -23.6
357   21 -28.5
358    0 -29.6
358    3 -27.4
358    6 -26.2
358    9 -21.7
358   12 -20.4
358   15 -21.7
358   18 -25.0
358   21 -27.6
359    0 -30.9
359    3 -28.2
359    6 -25.3
359    9 -21.3
359   12 -20.7
359   15 -22.9
359   18 -23.9
359   21 -29.0
360    0 -30.3
360    3 -28.4
360    6 -25.7
360    9 -21.0
360   12 -20.9
360   15 -20.2
360   18 -23.7
360   21 -27.8
361    0 -28.9
361    3 -29.5
361    6 -24.1
361    9 -22.2
361   12 -19.5
361   15 -21.0
361   18 -25.3
361   21 -28.5
362    0 -29.0
362    3 -27.3
362    6 -24.6
362    9 -21.2
362   12 -20.6
362   15 -19.8
362   18 -24.4
362   21 -29.3
363    0 -30.0
363    3 -28.3
363    6 -25.0
363    9 -20.2
363   12 -21.2
363   15 -22.0
363   18 -24.4
363   21 -27.9
364    0 -31.4
364    3 -27.7
364    6 -25.4
364    9 -19.3
364   12 -19.0
364   15 -20.5
364   18 -24.8
364   21 -27.7
365    0 -29.2
365    3 -29.1
365    6 -23.6
365    9 -20.1
365   12 -21.0
365   15 -21.1
365   18 -24.4
365   21 -29.1
