  1    0 -29.2
  1    3 -28.9
  1    6 -25.2
  1    9 -21.9
  1   12 -19.2
  1   15 -21.9
  1   18 -25.4
  1   21 -28.1
  2    0 -31.6
  2    3 -27.5
  2    6 -24.2
  2    9 -21.9
  2   12 -20.0
  2   15 -21.3
  2   18 -25.2
  2   21 -28.1
  3    0 -31.4
  3    3 -29.5
  3    6 -25.2
  3    9 -21.8
  3   12 -19.6
  3   15 -21.0
  3   18 -24.6
  3   21 -29.1
  4    0 -29.8
  4    3 -28.1
  4    6 -24.8
  4    9 -21.6
  4   12 -20.2
  4   15 -21.2
  4   18 -25.2
  4   21 -30.3
  5    0 -30.1
  5    3 -28.3
  5    6 -24.3
  5    9 -19.6
  5   12 -20.7
  5   15 -21.8
  5   18 -25.7
  5   21 -28.7
  6    0 -29.3
  6    3 -29.6
  6    6 -25.1
  6    9 -21.4
  6   12 -18.3
  6   15 -21.4
  6   18 -23.3
  6   21 -27.4
  7    0 -30.3
  7    3 -27.8
  7    6 -24.1
  7    9 -21.7
  7   12 -20.9
  7   15 -21.5
  7   18 -25.5
  7   21 -28.2
  8    0 -30.2
  8    3 -27.8
  8    6 -25.2
  8    9 -20.3
  8   12 -21.6
  8   15 -19.7
  8   18 -24.2
  8   21 -26.4
  9    0 -29.0
  9    3 -29.7
  9    6 -24.0
  9    9 -20.4
  9   12 -20.6
  9   15 -21.2
  9   18 -24.4
  9   21 -27.7
 10    0 -28.5
 10    3 -27.4
 10    6 -24.9
 10    9 -22.0
 10   12 -19.5
 10   15 -21.8
 10   18 -24.3
 10   21 -27.6
 11    0 -29.6
 11    3 -28.4
 11    6 -24.6
 11    9 -21.1
 11   12 -21.0
 11   15 -20.5
 11   18 -23.8
 11   21 -28.6
 12    0 -30.0
 12    3 -27.9
 12    6 -24.8
 12    9 -21.6
 12   12 -18.0
 12   15 -21.6
 12   18 -24.6
 12   21 -27.3
 13    0 -28.9
 13    3 -27.4
 13    6 -23.9
 13    9 -21.1
 13   12 -20.5
 13   15 -21.3
 13   18 -25.1
 13   21 -28.6
 14    0 -31.0
 14    3 -26.9
 14    6 -23.8
 14    9 -20.2
 14   12 -19.2
 14   15 -22.0
 14   18 -24.4
 14   21 -29.5
 15    0 -30.1
 15    3 -28.4
 15    6 -24.7
 15    9 -20.7
 15   12 -18.7
 15   15 -21.7
 15   18 -24.3
 15   21 -27.4
 16    0 -29.8
 16    3 -27.5
 16    6 -24.2
 16    9 -19.4
 16   12 -20.4
 16   15 -19.0
 16   18 -23.2
 16   21 -26.7
 17    0 -28.3
 17    3 -28.0
 17    6 -22.5
 17    9 -19.9
 17   12 -20.1
 17   15 -19.5
 17   18 -24.1
 17   21 -26.8
 18    0 -26.9
 18    3 -27.5
 18    6 -24.3
 18    9 -21.8
 18   12 -17.7
 18   15 -21.2
 18   18 -23.5
 18   21 -27.3
 19    0 -28.8
 19    3 -27.5
 19    6 -23.8
 19    9 -21.5
 19   12 -19.0
 19   15 -20.1
 19   18 -25.0
 19   21 -28.5
 20    0 -27.7
 20    3 -27.0
 20    6 -23.7
 20    9 -19.9
 20   12 -17.1
 20   15 -20.3
 20   18 -22.3
 20   21 -27.8
 21    0 -28.5
 21    3 -26.9
 21    6 -24.5
 21    9 -19.8
 21   12 -18.3
 21   15 -21.4
 21   18 -23.1
 21   21 -27.7
 22    0 -28.4
 22    3 -27.5
 22    6 -22.8
 22    9 -19.2
 22   12 -19.4
 22   15 -19.4
 22   18 -23.6
 22   21 -26.3
 23    0 -29.2
 23    3 -25.2
 23    6 -21.6
 23    9 -21.7
 23   12 -17.0
 23   15 -20.5
 23   18 -24.2
 23   21 -27.2
 24    0 -29.1
 24    3 -26.6
 24    6 -21.9
 24    9 -17.5
 24   12 -19.7
 24   15 -19.1
 24   18 -23.1
 24   21 -28.4
 25    0 -25.7
 25    3 -27.6
 25    6 -22.3
 25    9 -20.5
 25   12 -16.9
 25   15 -18.5
 25   18 -22.5
 25   21 -27.0
 26    0 -28.3
 26    3 -24.8
 26    6 -24.5
 26    9 -18.4
 26   12 -18.3
 26   15 -20.0
 26   18 -21.5
 26   21 -26.6
 27    0 -27.3
 27    3 -26.9
 27    6 -23.7
 27    9 -18.6
 27   12 -17.5
 27   15 -19.0
 27   18 -22.7
 27   21 -26.5
 28    0 -28.1
 28    3 -26.1
 28    6 -22.3
 28    9 -18.0
 28   12 -16.3
 28   15 -19.6
 28   18 -21.7
 28   21 -25.3
 29    0 -28.5
 29    3 -25.3
 29    6 -22.9
 29    9 -19.2
 29   12 -18.1
 29   15 -19.4
 29   18 -21.5
 29   21 -25.7
 30    0 -26.9
 30    3 -27.3
 30    6 -22.5
 30    9 -17.4
 30   12 -16.9
 30   15 -17.8
 30   18 -22.1
 30   21 -26.9
 31    0 -27.3
 31    3 -25.1
 31    6 -19.5
 31    9 -18.8
 31   12 -16.1
 31   15 -18.6
 31   18 -21.5
 31   21 -24.5
 32    0 -26.3
 32    3 -23.6
 32    6 -21.7
 32    9 -18.2
 32   12 -14.7
 32   15 -16.6
 32   18 -23.5
 32   21 -24.2
 33    0 -26.1
 33    3 -25.4
 33    6 -22.1
 33    9 -16.7
 33   12 -17.1
 33   15 -17.5
 33   18 -21.1
 33   21 -24.2
 34    0 -27.9
 34    3 -25.0
 34    6 -19.7
 34    9 -17.5
 34   12 -15.9
 34   15 -17.3
 34   18 -20.9
 34   21 -25.2
 35    0 -26.0
 35    3 -25.0
 35    6 -22.0
 35    9 -18.1
 35   12 -15.6
 35   15 -18.5
 35   18 -21.2
 35   21 -24.6
 36    0 -24.6
 36    3 -26.1
 36    6 -20.6
 36    9 -18.0
 36   12 -17.8
 36   15 -17.8
 36   18 -19.6
 36   21 -23.3
 37    0 -25.5
 37    3 -23.5
 37    6 -19.7
 37    9 -16.2
 37   12 -15.9
 37   15 -15.6
 37   18 -21.1
 37   21 -25.9
 38    0 -24.3
 38    3 -23.0
 38    6 -20.3
 38    9 -16.5
 38   12 -15.5
 38   15 -15.1
 38   18 -20.3
 38   21 -23.8
 39    0 -24.0
 39    3 -22.5
 39    6 -20.0
 39    9 -16.1
 39   12 -14.6
 39   15 -16.1
 39   18 -20.8
 39   21 -25.1
 40    0 -24.1
 40    3 -21.7
 40    6 -18.5
 40    9 -16.2
 40   12 -13.1
 40   15 -15.2
 40   18 -19.7
 40   21 -24.9
 41    0 -23.9
 41    3 -21.6
 41    6 -18.7
 41    9 -14.3
 41   12 -13.5
 41   15 -16.3
 41   18 -19.3
 41   21 -23.6
 42    0 -23.4
 42    3 -21.9
 42    6 -19.6
 42    9 -16.7
 42   12 -14.4
 42   15 -15.9
 42   18 -18.4
 42   21 -23.5
 43    0 -22.7
 43    3 -23.0
 43    6 -19.1
 43    9 -14.4
 43   12 -12.5
 43   15 -15.6
 43   18 -17.3
 43   21 -22.0
 44    0 -23.8
 44    3 -22.2
 44    6 -16.2
 44    9 -14.9
 44   12 -13.2
 44   15 -13.5
 44   18 -17.2
 44   21 -22.0
 45    0 -21.7
 45    3 -21.5
 45    6 -18.9
 45    9 -15.2
 45   12 -14.3
 45   15 -13.8
 45   18 -17.7
 45   21 -19.9
 46    0 -22.8
 46    3 -20.8
 46    6 -18.2
 46    9 -13.7
 46   12 -13.4
 46   15 -14.3
 46   18 -17.4
 46   21 -21.8
 47    0 -22.9
 47    3 -19.5
 47    6 -18.7
 47    9 -13.0
 47   12 -13.3
 47   15 -15.0
 47   18 -17.7
 47   21 -21.5
 48    0 -21.0
 48    3 -21.5
 48    6 -17.8
 48    9 -14.3
 48   12 -12.0
 48   15 -14.9
 48   18 -18.0
 48   21 -20.9
 49    0 -22.9
 49    3 -20.2
 49    6 -18.1
 49    9 -14.0
 49   12 -10.7
 49   15 -12.8
 49   18 -15.9
 49   21 -19.4
 50    0 -21.8
 50    3 -21.5
 50    6 -19.0
 50    9 -13.0
 50   12 -14.0
 50   15 -12.2
 50   18 -15.4
 50   21 -21.5
 51    0 -21.7
 51    3 -18.6
 51    6 -18.7
 51    9 -13.5
 51   12 -11.3
 51   15 -12.7
 51   18 -16.7
 51   21 -20.0
 52    0 -20.7
 52    3 -18.7
 52    6 -16.3
 52    9 -11.2
 52   12  -9.5
 52   15 -13.4
 52   18 -17.1
 52   21 -19.5
 53    0 -21.8
 53    3 -18.3
 53    6 -16.2
 53    9 -12.3
 53   12 -11.2
 53   15 -12.1
 53   18 -17.2
 53   21 -20.1
 54    0 -19.8
 54    3 -17.8
 54    6 -14.0
 54    9 -13.3
 54   12 -10.0
 54   15 -10.9
 54   18 -14.2
 54   21 -19.2
 55    0 -19.9
 55    3 -20.2
 55    6 -15.9
 55    9 -10.2
 55   12  -9.7
 55   15 -12.0
 55   18 -14.3
 55   21 -19.6
 56    0 -19.6
 56    3 -19.3
 56    6 -15.4
 56    9 -12.2
 56   12 -10.2
 56   15 -10.0
 56   18 -15.6
 56   21 -18.3
 57    0 -18.2
 57    3 -18.3
 57    6 -14.6
 57    9 -11.9
 57   12  -9.4
 57   15 -10.7
 57   18 -15.2
 57   21 -18.3
 58    0 -19.2
 58    3 -16.6
 58    6 -12.8
 58    9 -10.7
 58   12  -8.6
 58   15 -11.7
 58   18 -13.4
 58   21 -16.2
 59    0 -16.9
 59    3 -16.4
 59    6 -13.5
 59    9 -10.3
 59   12  -9.7
 59   15  -9.7
 59   18 -14.1
 59   21 -16.6
 60    0 -17.7
 60    3 -17.3
 60    6 -13.3
 60    9 -10.0
 60   12  -7.5
 60   15  -8.8
 60   18 -13.5
 60   21 -17.9
 61    0 -17.7
 61    3 -15.7
 61    6 -12.7
 61    9  -9.2
 61   12  -8.7
 61   15  -8.4
 61   18 -13.3
 61   21 -16.5
 62    0 -17.4
 62    3 -17.5
 62    6 -12.8
 62    9  -9.2
 62   12  -8.8
 62   15  -8.8
 62   18 -12.8
 62   21 -14.9
 63    0 -15.8
 63    3 -16.5
 63    6 -12.8
 63    9  -8.9
 63   12  -7.6
 63   15  -7.5
 63   18 -13.4
 63   21 -14.7
 64    0 -15.6
 64    3 -15.8
 64    6 -11.2
 64    9  -6.9
 64   12  -6.6
 64   15  -8.9
 64   18 -10.6
 64   21 -15.8
 65    0 -16.6
 65    3 -14.6
 65    6 -12.4
 65    9  -8.1
 65   12  -6.6
 65   15  -8.3
 65   18 -12.4
 65   21 -15.0
 66    0 -16.0
 66    3 -13.8
 66    6 -11.0
 66    9  -7.9
 66   12  -6.4
 66   15  -7.9
 66   18 -11.2
 66   21 -14.2
 67    0 -14.7
 67    3 -12.2
 67    6 -10.5
 67    9  -6.7
 67   12  -4.7
 67   15  -6.5
 67   18 -10.9
 67   21 -13.8
 68    0 -15.7
 68    3 -12.6
 68    6  -9.7
 68    9  -6.1
 68   12  -5.7
 68   15  -6.5
 68   18 -11.5
 68   21 -14.2
 69    0 -14.3
 69    3 -14.6
 69    6  -7.7
 69    9  -6.3
 69   12  -4.7
 69   15  -5.9
 69   18  -9.1
 69   21 -12.8
 70    0 -14.3
 70    3 -14.2
 70    6  -9.9
 70    9  -5.9
 70   12  -3.5
 70   15  -5.9
 70   18 -10.1
 70   21 -12.8
 71    0 -14.3
 71    3 -13.2
 71    6  -9.1
 71    9  -3.9
 71   12  -4.1
 71   15  -5.5
 71   18  -8.7
 71   21 -12.4
 72    0 -12.3
 72    3 -13.4
 72    6  -8.3
 72    9  -6.7
 72   12  -5.1
 72   15  -4.1
 72   18 -10.1
 72   21 -10.8
 73    0 -13.7
 73    3 -11.4
 73    6  -7.1
 73    9  -5.5
 73   12  -3.5
 73   15  -4.7
 73   18  -6.5
 73   21 -12.4
 74    0 -11.6
 74    3 -12.2
 74    6  -6.2
 74    9  -5.7
 74   12  -0.4
 74   15  -3.1
 74   18  -8.6
 74   21 -10.8
 75    0 -12.8
 75    3  -9.6
 75    6  -7.2
 75    9  -4.9
 75   12  -2.6
 75   15  -3.9
 75   18  -7.8
 75   21 -10.0
 76    0 -11.2
 76    3 -10.6
 76    6  -8.2
 76    9  -2.9
 76   12  -1.8
 76   15  -3.7
 76   18  -5.4
 76   21 -11.4
 77    0 -12.8
 77    3 -10.5
 77    6  -7.6
 77    9  -3.7
 77   12  -2.2
 77   15  -2.3
 77   18  -7.2
 77   21  -8.3
 78    0 -11.2
 78    3  -8.7
 78    6  -7.2
 78    9  -3.6
 78   12  -2.2
 78   15  -2.0
 78   18  -7.2
 78   21  -9.9
 79    0 -10.4
 79    3  -8.1
 79    6  -5.0
 79    9  -1.8
 79   12  -1.6
 79   15  -1.8
 79   18  -7.2
 79   21  -8.1
 80    0 -11.7
 80    3  -9.5
 80    6  -5.3
 80    9  -1.6
 80   12  -0.5
 80   15  -2.0
 80   18  -5.5
 80   21  -8.9
 81    0  -9.3
 81    3  -8.1
 81    6  -4.7
 81    9  -1.8
 81   12   0.7
 81   15   0.0
 81   18  -4.7
 81   21  -9.3
 82    0  -9.1
 82    3  -8.6
 82    6  -5.3
 82    9   0.0
 82   12   0.1
 82   15  -0.8
 82   18  -3.7
 82   21  -7.4
 83    0  -8.5
 83    3  -6.0
 83    6  -4.1
 83    9  -0.9
 83   12   1.1
 83   15   0.9
 83   18  -3.9
 83   21  -8.4
 84    0  -8.8
 84    3  -7.6
 84    6  -1.8
 84    9  -0.3
 84   12   0.2
 84   15   1.3
 84   18  -4.2
 84   21  -6.8
 85    0  -8.2
 85    3  -5.9
 85    6  -2.0
 85    9   0.1
 85   12   3.0
 85   15  -0.7
 85   18  -2.0
 85   21  -5.7
 86    0  -7.4
 86    3  -6.9
 86    6  -3.0
 86    9   0.8
 86   12   2.8
 86   15   2.0
 86   18  -2.6
 86   21  -4.9
 87    0  -7.8
 87    3  -5.3
 87    6  -1.6
 87    9   3.2
 87   12   2.6
 87   15   2.2
 87   18  -1.2
 87   21  -4.3
 88    0  -6.3
 88    3  -5.3
 88    6  -1.9
 88    9   0.4
 88   12   3.5
 88   15   2.6
 88   18   0.3
 88   21  -6.9
 89    0  -6.7
 89    3  -6.2
 89    6  -1.7
 89    9   2.4
 89   12   3.1
 89   15   3.0
 89   18  -1.9
 89   21  -4.2
 90    0  -5.7
 90    3  -4.2
 90    6  -0.9
 90    9   1.5
 90   12   3.9
 90   15   1.5
 90   18  -1.7
 90   21  -4.0
 91    0  -4.6
 91    3  -3.4
 91    6  -0.6
 91    9   2.7
 91   12   4.6
 91   15   2.5
 91   18  -0.8
 91   21  -5.6
 92    0  -5.6
 92    3  -1.7
 92    6  -0.8
 92    9   2.5
 92   12   5.8
 92   15   3.3
 92   18   0.2
 92   21  -1.5
 93    0  -4.8
 93    3  -2.9
 93    6   0.8
 93    9   2.4
 93   12   4.4
 93   15   4.0
 93   18   0.6
 93   21  -3.1
 94    0  -2.1
 94    3  -2.5
 94    6   0.3
 94    9   5.4
 94   12   6.9
 94   15   5.0
 94   18   1.5
 94   21  -3.1
 95    0  -3.1
 95    3  -3.0
 95    6   1.5
 95    9   4.6
 95   12   5.3
 95   15   4.2
 95   18   2.9
 95   21  -0.8
 96    0  -2.7
 96    3  -2.6
 96    6   2.5
 96    9   4.7
 96   12   5.9
 96   15   4.1
 96   18   1.3
 96   21  -1.8
 97    0  -3.2
 97    3  -1.8
 97    6   2.2
 97    9   4.9
 97   12   6.2
 97   15   3.7
 97   18   3.0
 97   21  -0.2
 98    0  -2.8
 98    3  -0.8
 98    6   3.0
 98    9   6.3
 98   12   8.2
 98   15   4.9
 98   18   1.8
 98   21  -0.8
 99    0  -1.6
 99    3  -1.1
 99    6   4.0
 99    9   6.3
 99   12   7.6
 99   15   6.9
 99   18   3.6
 99   21  -0.9
100    0  -1.8
100    3  -1.5
100    6   3.0
100    9   7.6
100   12   8.8
100   15   6.0
100   18   2.2
100   21   0.5
101    0  -0.5
101    3  -0.3
101    6   4.1
101    9   8.6
101   12   8.9
101   15   7.0
101   18   2.5
101   21  -0.5
102    0  -0.1
102    3  -0.0
102    6   2.9
102    9   8.4
102   12   8.9
102   15   7.6
102   18   4.5
102   21   2.0
103    0  -0.1
103    3   0.8
103    6   4.3
103    9   7.5
103   12   9.3
103   15   8.3
103   18   3.9
103   21   0.6
104    0  -0.1
104    3   1.2
104    6   4.5
104    9  10.7
104   12  11.1
104   15   8.7
104   18   5.7
104   21   2.2
105    0  -1.2
105    3   2.0
105    6   5.4
105    9   8.3
105   12   9.8
105   15   8.7
105   18   4.8
105   21   1.8
106    0  -1.0
106    3   1.8
106    6   5.2
106    9   7.3
106   12  11.0
106   15   9.9
106   18   5.4
106   21   2.2
107    0   1.6
107    3   2.5
107    6   5.6
107    9  10.9
107   12  11.6
107   15   9.5
107   18   6.0
107   21   3.3
108    0   2.6
108    3   4.3
108    6   7.0
108    9  10.2
108   12  12.6
108   15   9.8
108   18   7.2
108   21   2.7
109    0   0.8
109    3   3.7
109    6   8.0
109    9  10.0
109   12  13.6
109   15  10.0
109   18   6.8
109   21   2.9
110    0   3.4
110    3   3.3
110    6   7.6
110    9  11.2
110   12  11.2
110   15  11.2
110   18   8.2
110   21   4.1
111    0   4.9
111    3   3.1
111    6   9.3
111    9  11.4
111   12  12.7
111   15  12.4
111   18   7.3
111   21   3.7
112    0   2.9
112    3   3.9
112    6   7.1
112    9  12.2
112   12  13.1
112   15  12.8
112   18  10.5
112   21   3.9
113    0   4.3
113    3   6.3
113    6   7.9
113    9  11.8
113   12  13.9
113   15  13.0
113   18   8.1
113   21   5.3
114    0   5.5
114    3   5.1
114    6   9.5
114    9  11.0
114   12  14.3
114   15  13.0
114   18   8.1
114   21   4.9
115    0   5.9
115    3   5.9
115    6   9.3
115    9  11.8
115   12  16.1
115   15  13.2
115   18  10.1
115   21   6.1
116    0   5.7
116    3   5.3
116    6   8.9
116    9  14.6
116   12  14.3
116   15  14.4
116   18  11.5
116   21   5.5
117    0   5.1
117    3   6.9
117    6  10.9
117    9  13.0
117   12  16.5
117   15  14.4
117   18  11.7
117   21   6.1
118    0   6.8
118    3   5.3
118    6  11.8
118    9  13.4
118   12  15.6
118   15  14.6
118   18  11.0
118   21   6.1
119    0   5.0
119    3   7.9
119    6  11.0
119    9  17.0
119   12  17.0
119   15  14.2
119   18  11.4
119   21   6.9
120    0   6.6
120    3   8.5
120    6  10.0
120    9  16.0
120   12  18.4
120   15  15.2
120   18  11.4
120   21   7.3
121    0   6.4
121    3   7.7
121    6  11.6
121    9  15.1
121   12  17.8
121   15  15.7
121   18  12.2
121   21   8.7
122    0   8.6
122    3   8.0
122    6  11.8
122    9  15.1
122   12  17.0
122   15  16.1
122   18  12.6
122   21   8.2
123    0   7.9
123    3   9.0
123    6  12.3
123    9  16.5
123   12  16.5
123   15  17.5
123   18  12.7
123   21   7.0
124    0   7.5
124    3   9.4
124    6  12.9
124    9  16.5
124   12  18.3
124   15  15.7
124   18  12.9
124   21   9.2
125    0   8.9
125    3   9.3
125    6  15.1
125    9  18.6
125   12  19.5
125   15  16.2
125   18  12.1
125   21  11.5
126    0   8.6
126    3   9.9
126    6  15.2
126    9  17.2
126   12  19.6
126   15  18.4
126   18  11.8
126   21  10.3
127    0   9.4
127    3  10.9
127    6  14.8
127    9  18.3
127   12  18.4
127   15  17.9
127   18  13.8
127   21  10.1
128    0  10.2
128    3  11.0
128    6  15.8
128    9  19.9
128   12  19.8
128   15  17.3
128   18  15.2
128   21   9.6
129    0   8.9
129    3  11.0
129    6  14.9
129    9  19.4
129   12  18.9
129   15  20.0
129   18  15.3
129   21  12.2
130    0   9.6
130    3  11.3
130    6  16.6
130    9  18.6
130   12  19.8
130   15  19.6
130   18  15.4
130   21  10.7
131    0  10.6
131    3  12.1
131    6  18.0
131    9  20.1
131   12  20.0
131   15  17.9
131   18  15.0
131   21  12.1
132    0   8.9
132    3  12.6
132    6  17.1
132    9  19.9
132   12  20.5
132   15  18.1
132   18  14.9
132   21  11.6
133    0  12.3
133    3  13.3
133    6  17.1
133    9  19.6
133   12  20.7
133   15  19.6
133   18  15.5
133   21  14.1
134    0  13.0
134    3  13.8
134    6  17.0
134    9  20.7
134   12  20.2
134   15  19.1
134   18  16.6
134   21  11.0
135    0  11.3
135    3  11.8
135    6  17.1
135    9  17.6
135   12  21.5
135   15  21.2
135   18  17.3
135   21  13.6
136    0  12.6
136    3  13.1
136    6  16.2
136    9  19.9
136   12  22.6
136   15  20.9
136   18  18.0
136   21  13.9
137    0  12.3
137    3  12.8
137    6  17.3
137    9  21.7
137   12  22.3
137   15  22.9
137   18  17.3
137   21  13.8
138    0  11.2
138    3  14.3
138    6  18.4
138    9  23.2
138   12  22.6
138   15  23.2
138   18  18.0
138   21  14.3
139    0  13.1
139    3  14.6
139    6  18.1
139    9  20.5
139   12  21.5
139   15  21.5
139   18  16.9
139   21  15.8
140    0  15.0
140    3  15.1
140    6  19.0
140    9  21.4
140   12  22.2
140   15  21.0
140   18  17.4
140   21  15.3
141    0  13.5
141    3  16.4
141    6  20.9
141    9  22.8
141   12  25.7
141   15  23.2
141   18  18.7
141   21  15.8
142    0  13.0
142    3  15.5
142    6  19.4
142    9  24.3
142   12  24.4
142   15  23.3
142   18  19.0
142   21  14.9
143    0  14.3
143    3  17.3
143    6  19.7
143    9  22.6
143   12  23.7
143   15  24.2
143   18  20.5
143   21  15.9
144    0  14.9
144    3  15.2
144    6  18.7
144    9  24.5
144   12  24.7
144   15  22.5
144   18  20.1
144   21  17.0
145    0  16.4
145    3  16.5
145    6  20.6
145    9  21.7
145   12  23.0
145   15  23.9
145   18  19.6
145   21  16.1
146    0  14.3
146    3  17.1
146    6  19.9
146    9  24.2
146   12  25.1
146   15  22.8
146   18  19.1
146   21  17.5
147    0  17.1
147    3  17.0
147    6  21.5
147    9  23.7
147   12  25.1
147   15  23.1
147   18  19.1
147   21  16.6
148    0  16.6
148    3  16.4
148    6  21.2
148    9  24.3
148   12  25.8
148   15  24.7
148   18  22.0
148   21  18.8
149    0  16.2
149    3  17.5
149    6  21.0
149    9  25.0
149   12  27.2
149   15  22.6
149   18  21.8
149   21  17.1
150    0  16.1
150    3  17.9
150    6  22.1
150    9  25.0
150   12  25.1
150   15  25.6
150   18  20.7
150   21  17.9
151    0  16.7
151    3  19.3
151    6  21.9
151    9  25.4
151   12  26.5
151   15  24.0
151   18  20.5
151   21  18.1
152    0  14.3
152    3  16.8
152    6  23.5
152    9  24.8
152   12  26.1
152   15  24.8
152   18  22.7
152   21  16.8
153    0  16.7
153    3  18.8
153    6  21.7
153    9  26.1
153   12  27.7
153   15  26.3
153   18  21.9
153   21  19.8
154    0  16.1
154    3  17.2
154    6  21.3
154    9  25.3
154   12  26.5
154   15  25.1
154   18  22.5
154   21  17.0
155    0  16.1
155    3  17.4
155    6  22.5
155    9  27.9
155   12  26.9
155   15  26.5
155   18  23.5
155   21  19.4
156    0  16.9
156    3  19.2
156    6  21.7
156    9  26.1
156   12  27.1
156   15  26.7
156   18  23.3
156   21  20.0
157    0  17.1
157    3  18.4
157    6  22.7
157    9  26.3
157   12  28.9
157   15  26.3
157   18  22.7
157   21  19.8
158    0  16.1
158    3  19.8
158    6  21.1
158    9  26.2
158   12  27.3
158   15  26.4
158   18  22.5
158   21  18.4
159    0  17.7
159    3  19.5
159    6  23.3
159    9  27.4
159   12  26.9
159   15  26.6
159   18  24.9
159   21  19.1
160    0  16.7
160    3  19.9
160    6  22.3
160    9  26.4
160   12  27.9
160   15  26.4
160   18  24.7
160   21  18.3
161    0  18.6
161    3  19.3
161    6  23.6
161    9  27.4
161   12  27.6
161   15  27.4
161   18  22.6
161   21  20.3
162    0  18.0
162    3  20.2
162    6  22.2
162    9  26.9
162   12  29.0
162   15  28.3
162   18  24.8
162   21  20.0
163    0  17.9
163    3  20.2
163    6  23.9
163    9  25.7
163   12  28.9
163   15  26.5
163   18  23.9
163   21  20.2
164    0  18.5
164    3  20.7
164    6  22.7
164    9  26.8
164   12  28.7
164   15  26.0
164   18  24.9
164   21  20.3
165    0  17.6
165    3  20.9
165    6  23.2
165    9  28.5
165   12  29.6
165   15  29.3
165   18  25.0
165   21  19.5
166    0  18.9
166    3  19.8
166    6  24.3
166    9  27.1
166   12  30.9
166   15  26.1
166   18  25.1
166   21  19.8
167    0  20.1
167    3  20.9
167    6  24.1
167    9  28.6
167   12  29.3
167   15  28.2
167   18  24.3
167   21  20.7
168    0  19.0
168    3  20.8
168    6  24.2
168    9  26.5
168   12  29.0
168   15  29.1
168   18  22.8
168   21  19.4
169    0  19.5
169    3  20.9
169    6  24.9
169    9  28.4
169   12  28.5
169   15  26.4
169   18  25.5
169   21  22.3
170    0  21.4
170    3  20.4
170    6  24.4
170    9  28.1
170   12  29.8
170   15  28.3
170   18  25.4
170   21  20.4
171    0  19.7
171    3  19.7
171    6  26.3
171    9  27.2
171   12  30.1
171   15  27.8
171   18  24.7
171   21  21.3
172    0  18.8
172    3  21.6
172    6  24.6
172    9  28.1
172   12  29.4
172   15  29.1
172   18  25.4
172   21  20.0
173    0  20.0
173    3  21.7
173    6  25.0
173    9  27.8
173   12  30.2
173   15  28.8
173   18  23.6
173   21  21.1
174    0  18.5
174    3  21.8
174    6  25.7
174    9  29.0
174   12  30.3
174   15  27.2
174   18  23.5
174   21  22.2
175    0  19.2
175    3  21.8
175    6  25.4
175    9  27.3
175   12  28.4
175   15  27.5
175   18  24.4
175   21  21.0
176    0  19.0
176    3  21.9
176    6  25.0
176    9  28.2
176   12  29.0
176   15  28.4
176   18  23.8
176   21  21.5
177    0  19.5
177    3  21.7
177    6  25.3
177    9  28.2
177   12  30.1
177   15  30.8
177   18  23.5
177   21  21.3
178    0  19.7
178    3  21.8
178    6  25.3
178    9  29.2
178   12  30.9
178   15  29.0
178   18  25.7
178   21  21.4
179    0  19.3
179    3  21.6
179    6  25.5
179    9  27.7
179   12  29.3
179   15  28.5
179   18  24.9
179   21  21.2
180    0  20.8
180    3  21.2
180    6  23.6
180    9  29.1
180   12  31.4
180   15  27.5
180   18  25.0
180   21  22.0
181    0  19.2
181    3  21.6
181    6  25.6
181    9  29.1
181   12  28.8
181   15  28.3
181   18  23.8
181   21  21.6
182    0  20.4
182    3  20.3
182    6  25.6
182    9  27.9
182   12  29.8
182   15  29.7
182   18  26.0
182   21  20.3
183    0  18.2
183    3  22.7
183    6  23.6
183    9  28.7
183   12  28.8
183   15  27.1
183   18  26.4
183   21  21.9
184    0  19.8
184    3  22.1
184    6  24.6
184    9  28.7
184   12  30.4
184   15  29.9
184   18  25.6
184   21  22.9
185    0  20.6
185    3  22.8
185    6  25.4
185    9  28.7
185   12  28.4
185   15  27.5
185   18  24.0
185   21  20.6
186    0  19.0
186    3  20.8
186    6  24.8
186    9  27.9
186   12  30.4
186   15  28.5
186   18  24.8
186   21  20.8
187    0  19.1
187    3  20.4
187    6  26.5
187    9  29.3
187   12  31.5
187   15  27.9
187   18  24.3
187   21  22.0
188    0  19.1
188    3  21.2
188    6  25.5
188    9  28.4
188   12  29.3
188   15  28.0
188   18  24.3
188   21  21.4
189    0  18.5
189    3  21.9
189    6  25.5
189    9  28.0
189   12  30.5
189   15  27.6
189   18  24.5
189   21  20.5
190    0  19.8
190    3  20.5
190    6  25.6
190    9  29.8
190   12  27.6
190   15  28.6
190   18  25.6
190   21  22.7
191    0  20.4
191    3  21.8
191    6  26.0
191    9  27.9
191   12  31.6
191   15  28.7
191   18  22.6
191   21  21.0
192    0  18.3
192    3  21.2
192    6  25.9
192    9  27.2
192   12  30.1
192   15  28.6
192   18  24.3
192   21  20.6
193    0  19.8
193    3  22.1
193    6  22.2
193    9  29.4
193   12  28.0
193   15  27.0
193   18  23.2
193   21  21.3
194    0  19.8
194    3  20.6
194    6  26.0
194    9  28.7
194   12  29.4
194   15  29.5
194   18  26.0
194   21  21.8
195    0  19.9
195    3  21.3
195    6  24.5
195    9  27.8
195   12  29.1
195   15  27.6
195   18  24.7
195   21  21.1
196    0  20.6
196    3  20.4
196    6  22.4
196    9  27.9
196   12  28.0
196   15  27.1
196   18  24.2
196   21  20.6
197    0  21.3
197    3  19.9
197    6  25.3
197    9  26.6
197   12  29.3
197   15  27.0
197   18  22.9
197   21  21.3
198    0  21.6
198    3  21.0
198    6  24.8
198    9  25.9
198   12  28.6
198   15  27.5
198   18  25.4
198   21  21.4
199    0  17.9
199    3  21.3
199    6  22.1
199    9  26.6
199   12  28.9
199   15  28.8
199   18  23.7
199   21  19.9
200    0  19.5
200    3  19.2
200    6  23.1
200    9  29.1
200   12  28.9
200   15  26.7
200   18  25.7
200   21  19.6
201    0  18.4
201    3  21.3
201    6  22.4
201    9  28.7
201   12  26.8
201   15  27.5
201   18  23.0
201   21  21.5
202    0  19.1
202    3  21.3
202    6  25.7
202    9  27.2
202   12  29.7
202   15  25.8
202   18  22.3
202   21  20.7
203    0  18.5
203    3  20.0
203    6  24.3
203    9  28.5
203   12  28.5
203   15  27.1
203   18  22.9
203   21  19.8
204    0  19.8
204    3  18.4
204    6  23.2
204    9  28.1
204   12  29.6
204   15  26.3
204   18  24.4
204   21  18.8
205    0  18.4
205    3  18.9
205    6  22.8
205    9  27.4
205   12  28.0
205   15  28.2
205   18  21.4
205   21  19.3
206    0  16.1
206    3  20.9
206    6  21.9
206    9  28.8
206   12  29.1
206   15  28.0
206   18  22.1
206   21  18.9
207    0  17.7
207    3  20.9
207    6  22.3
207    9  25.6
207   12  28.1
207   15  26.4
207   18  25.1
207   21  20.3
208    0  16.9
208    3  18.6
208    6  23.5
208    9  26.2
208   12  27.1
208   15  26.4
208   18  22.3
208   21  17.8
209    0  17.5
209    3  18.6
209    6  22.7
209    9  25.5
209   12  27.3
209   15  26.1
209   18  21.7
209   21  20.2
210    0  18.3
210    3  17.2
210    6  22.3
210    9  26.3
210   12  28.3
210   15  26.3
210   18  22.3
210   21  19.0
211    0  15.3
211    3  19.6
211    6  23.1
211    9  25.3
211   12  27.3
211   15  26.1
211   18  21.7
211   21  20.6
212    0  15.3
212    3  19.0
212    6  22.5
212    9  26.7
212   12  27.1
212   15  24.9
212   18  21.1
212   21  19.6
213    0  15.9
213    3  18.0
213    6  20.9
213    9  24.5
213   12  25.1
213   15  25.9
213   18  22.1
213   21  18.0
214    0  16.3
214    3  16.4
214    6  21.1
214    9  25.8
214   12  26.7
214   15  24.8
214   18  23.1
214   21  20.2
215    0  17.1
215    3  18.3
215    6  20.5
215    9  25.2
215   12  27.1
215   15  24.4
215   18  21.1
215   21  19.5
216    0  15.1
216    3  16.1
216    6  22.5
216    9  23.0
216   12  26.1
216   15  25.6
216   18  23.5
216   21  16.7
217    0  16.6
217    3  17.3
217    6  21.6
217    9  24.0
217   12  25.4
217   15  24.8
217   18  21.6
217   21  16.7
218    0  15.8
218    3  16.0
218    6  19.8
218    9  22.7
218   12  25.0
218   15  25.1
218   18  19.8
218   21  17.2
219    0  16.5
219    3  16.2
219    6  20.3
219    9  24.1
219   12  25.5
219   15  23.9
219   18  19.7
219   21  16.8
220    0  15.3
220    3  15.5
220    6  20.3
220    9  23.4
220   12  24.7
220   15  23.8
220   18  19.9
220   21  18.1
221    0  15.2
221    3  17.5
221    6  18.2
221    9  23.1
221   12  25.8
221   15  23.1
221   18  20.0
221   21  15.3
222    0  14.3
222    3  14.8
222    6  18.7
222    9  22.3
222   12  24.3
222   15  24.9
222   18  19.7
222   21  16.4
223    0  12.9
223    3  15.9
223    6  18.7
223    9  23.4
223   12  24.3
223   15  21.8
223   18  20.1
223   21  14.7
224    0  14.2
224    3  15.1
224    6  16.8
224    9  22.7
224   12  23.8
224   15  22.5
224   18  17.6
224   21  15.3
225    0  13.3
225    3  16.0
225    6  19.7
225    9  21.0
225   12  23.5
225   15  22.8
225   18  18.3
225   21  13.8
226    0  13.6
226    3  14.5
226    6  17.4
226    9  21.0
226   12  22.4
226   15  22.4
226   18  19.0
226   21  13.5
227    0  13.1
227    3  14.0
227    6  17.7
227    9  20.7
227   12  21.3
227   15  21.9
227   18  17.3
227   21  15.4
228    0  13.0
228    3  14.7
228    6  17.6
228    9  21.4
228   12  22.8
228   15  21.4
228   18  18.4
228   21  15.7
229    0  12.9
229    3  12.8
229    6  17.5
229    9  22.7
229   12  22.9
229   15  22.5
229   18  18.9
229   21  12.2
230    0  13.2
230    3  13.9
230    6  16.8
230    9  21.3
230   12  22.4
230   15  20.3
230   18  16.8
230   21  13.3
231    0  11.1
231    3  12.2
231    6  16.5
231    9  20.8
231   12  21.5
231   15  19.8
231   18  15.9
231   21  12.2
232    0  12.4
232    3  13.0
232    6  16.6
232    9  20.5
232   12  20.4
232   15  19.7
232   18  17.2
232   21  12.8
233    0  12.5
233    3  12.7
233    6  15.9
233    9  20.4
233   12  20.5
233   15  18.6
233   18  16.9
233   21  12.3
234    0  11.1
234    3  14.6
234    6  16.7
234    9  18.3
234   12  22.7
234   15  20.3
234   18  15.7
234   21  12.6
235    0  11.0
235    3  12.5
235    6  15.0
235    9  18.9
235   12  20.4
235   15  18.7
235   18  16.4
235   21  12.3
236    0  10.2
236    3  11.9
236    6  15.2
236    9  19.4
236   12  19.8
236   15  18.2
236   18  15.6
236   21  12.1
237    0   9.1
237    3  11.2
237    6  14.5
237    9  19.4
237   12  21.3
237   15  19.6
237   18  16.3
237   21  13.0
238    0  10.0
238    3  12.0
238    6  14.2
238    9  18.9
238   12  19.4
238   15  18.9
238   18  16.0
238   21  11.2
239    0   9.0
239    3  10.1
239    6  13.8
239    9  18.1
239   12  18.4
239   15  17.3
239   18  13.2
239   21  10.5
240    0   9.4
240    3  12.9
240    6  15.0
240    9  16.4
240   12  19.2
240   15  17.4
240   18  13.2
240   21   9.5
241    0   8.9
241    3   8.9
241    6  12.5
241    9  17.0
241   12  20.1
241   15  17.4
241   18  13.5
241   21   9.5
242    0   7.7
242    3  10.0
242    6  13.9
242    9  17.1
242   12  18.3
242   15  17.5
242   18  12.1
242   21   8.8
243    0   7.5
243    3   9.6
243    6  11.1
243    9  17.3
243   12  18.1
243   15  15.3
243   18  12.7
243   21   7.8
244    0   7.8
244    3   8.0
244    6  13.8
244    9  16.7
244   12  17.4
244   15  14.7
244   18  14.6
244   21   7.8
245    0   8.0
245    3   7.5
245    6  11.4
245    9  17.3
245   12  17.6
245   15  15.5
245   18  11.2
245   21   8.9
246    0   7.2
246    3   8.1
246    6  12.4
246    9  14.8
246   12  18.0
246   15  13.4
246   18  12.0
246   21   8.3
247    0   5.6
247    3   6.5
247    6  12.6
247    9  15.4
247   12  14.6
247   15  16.0
247   18  11.8
247   21   8.1
248    0   7.8
248    3   7.7
248    6  11.6
248    9  14.4
248   12  14.8
248   15  14.6
248   18  10.6
248   21   7.3
249    0   6.1
249    3   6.1
249    6  10.1
249    9  13.6
249   12  15.3
249   15  14.2
249   18   9.5
249   21   7.1
250    0   6.3
250    3   6.9
250    6  11.1
250    9  13.6
250   12  14.9
250   15  12.8
250   18  10.3
250   21   5.9
251    0   4.1
251    3   5.9
251    6   8.9
251    9  11.6
251   12  14.3
251   15  12.4
251   18  10.3
251   21   5.5
252    0   2.9
252    3   4.9
252    6   9.5
252    9  13.2
252   12  13.7
252   15  12.8
252   18  11.3
252   21   4.3
253    0   3.7
253    3   5.9
253    6   8.1
253    9  13.4
253   12  13.3
253   15  12.8
253   18   8.9
253   21   5.1
254    0   4.7
254    3   6.1
254    6   9.1
254    9  12.2
254   12  13.7
254   15  11.0
254   18   7.5
254   21   5.7
255    0   3.7
255    3   4.7
255    6   8.9
255    9  12.2
255   12  12.3
255   15  11.4
255   18   8.3
255   21   5.7
256    0   4.8
256    3   3.5
256    6   8.0
256    9  10.8
256   12  12.4
256   15  11.0
256   18   9.0
256   21   4.5
257    0   1.8
257    3   4.3
257    6   7.0
257    9  12.0
257   12  11.4
257   15  10.0
257   18   6.2
257   21   5.1
258    0   3.2
258    3   2.5
258    6   6.8
258    9   8.6
258   12  12.2
258   15  11.4
258   18   6.8
258   21   2.3
259    0   1.8
259    3   1.9
259    6   6.6
259    9   8.3
259   12  11.4
259   15   9.3
259   18   6.8
259   21   2.1
260    0  -0.2
260    3   2.2
260    6   6.2
260    9   8.7
260   12  10.4
260   15   8.9
260   18   7.8
260   21   2.4
261    0   1.0
261    3   2.8
261    6   6.6
261    9   7.3
261   12  11.0
261   15   9.1
261   18   6.0
261   21   4.4
262    0  -0.7
262    3   2.0
262    6   5.3
262    9   8.7
262   12  10.3
262   15   9.1
262   18   3.7
262   21   3.4
263    0   0.9
263    3   0.6
263    6   3.5
263    9   9.7
263   12   7.7
263   15   9.1
263   18   4.5
263   21   0.8
264    0  -1.3
264    3   1.8
264    6   3.5
264    9   7.0
264   12   8.1
264   15   6.8
264   18   3.1
264   21  -0.0
265    0  -1.7
265    3   1.1
265    6   3.1
265    9   7.4
265   12   9.5
265   15   7.4
265   18   3.1
265   21  -0.1
266    0  -3.0
266    3   0.9
266    6   2.0
266    9   5.6
266   12   6.8
266   15   7.2
266   18   5.0
266   21  -0.5
267    0  -0.8
267    3  -1.9
267    6   4.2
267    9   4.7
267   12   7.2
267   15   5.9
267   18   2.8
267   21   0.5
268    0  -2.4
268    3  -1.0
268    6   2.8
268    9   5.5
268   12   7.6
268   15   6.5
268   18   4.6
268   21  -1.0
269    0  -2.2
269    3  -1.8
269    6   1.2
269    9   4.9
269   12   6.4
269   15   5.1
269   18   2.0
269   21   0.0
270    0  -3.3
270    3   0.2
270    6   1.9
270    9   5.9
270   12   6.9
270   15   5.1
270   18   2.3
270   21  -0.8
271    0  -2.1
271    3  -1.8
271    6   0.3
271    9   3.8
271   12   5.5
271   15   5.4
271   18   1.1
271   21  -2.0
272    0  -5.3
272    3  -2.5
272    6   1.1
272    9   5.0
272   12   7.3
272   15   5.2
272   18   0.9
272   21  -2.9
273    0  -4.0
273    3  -3.1
273    6   0.2
273    9   2.8
273   12   5.8
273   15   2.8
273   18  -0.4
273   21  -2.9
274    0  -3.4
274    3  -3.7
274    6  -1.2
274    9   3.5
274   12   3.6
274   15   2.7
274   18   2.0
274   21  -3.1
275    0  -6.6
275    3  -5.0
275    6  -1.0
275    9   4.7
275   12   3.6
275   15   4.1
275   18  -0.2
275   21  -4.8
276    0  -5.9
276    3  -4.8
276    6  -2.3
276    9   3.3
276   12   3.7
276   15   2.3
276   18   0.3
276   21  -4.2
277    0  -4.5
277    3  -4.4
277    6  -2.5
277    9   2.0
277   12   4.5
277   15   0.4
277   18  -2.5
277   21  -4.4
278    0  -6.1
278    3  -6.5
278    6  -0.9
278    9   1.8
278   12   3.9
278   15   1.2
278   18  -1.3
278   21  -5.7
279    0  -7.4
279    3  -5.5
279    6  -1.8
279    9   1.0
279   12   3.2
279   15   2.0
279   18  -1.4
279   21  -5.3
280    0  -6.6
280    3  -7.7
280    6  -2.2
280    9   0.4
280   12   2.4
280   15   0.6
280   18  -3.6
280   21  -6.9
281    0  -7.2
281    3  -5.5
281    6  -2.8
281    9  -0.7
281   12   0.6
281   15   0.5
281   18  -3.0
281   21  -5.9
282    0  -9.2
282    3  -6.6
282    6  -3.6
282    9   1.1
282   12   3.0
282   15   0.3
282   18  -4.4
282   21  -7.6
283    0  -9.3
283    3  -6.4
283    6  -3.7
283    9  -0.7
283   12   1.3
283   15   0.1
283   18  -3.5
283   21  -8.8
284    0  -8.3
284    3  -7.2
284    6  -5.1
284    9   0.2
284   12   1.5
284   15  -0.6
284   18  -4.3
284   21  -8.2
285    0  -8.9
285    3  -8.3
285    6  -5.3
285    9  -1.4
285   12   0.5
285   15  -2.8
285   18  -6.7
285   21  -8.5
286    0  -9.5
286    3 -10.7
286    6  -5.5
286    9   0.4
286   12   0.9
286   15  -0.6
286   18  -5.5
286   21  -8.5
287    0 -10.4
287    3  -8.9
287    6  -5.6
287    9  -0.2
287   12   0.2
287   15  -2.2
287   18  -7.0
287   21  -9.1
288    0 -11.8
288    3  -9.7
288    6  -6.0
288    9  -3.4
288   12  -0.2
288   15  -0.8
288   18  -5.8
288   21 -10.3
289    0 -11.6
289    3  -9.5
289    6  -6.2
289    9  -2.9
289   12  -3.0
289   15  -4.5
289   18  -6.2
289   21  -8.9
290    0 -13.2
290    3  -9.6
290    6  -7.2
290    9  -2.7
290   12  -3.8
290   15  -3.7
290   18  -5.8
290   21 -10.0
291    0 -12.8
291    3 -11.8
291    6  -8.0
291    9  -3.7
291   12  -2.4
291   15  -3.5
291   18  -7.2
291   21 -10.2
292    0 -12.6
292    3 -12.2
292    6  -7.0
292    9  -4.3
292   12  -3.8
292   15  -4.1
292   18  -7.0
292   21 -10.4
293    0 -14.7
293    3 -10.6
293    6  -7.3
293    9  -4.1
293   12  -2.9
293   15  -4.7
293   18 -10.3
293   21 -13.8
294    0 -14.1
294    3 -12.0
294    6  -9.3
294    9  -6.9
294   12  -3.9
294   15  -5.1
294   18  -8.3
294   21 -11.8
295    0 -12.1
295    3 -13.0
295    6  -7.5
295    9  -5.7
295   12  -4.9
295   15  -3.1
295   18  -7.5
295   21 -12.2
296    0 -14.3
296    3 -11.6
296    6  -9.9
296    9  -5.7
296   12  -4.9
296   15  -5.1
296   18  -8.7
296   21 -13.0
297    0 -14.5
297    3 -14.0
297    6 -11.1
297    9  -5.9
297   12  -3.7
297   15  -7.3
297   18  -9.3
297   21 -12.4
298    0 -14.1
298    3 -12.8
298    6 -10.7
298    9  -7.1
298   12  -4.7
298   15  -7.1
298   18  -9.7
298   21 -13.8
299    0 -16.5
299    3 -14.8
299    6 -10.1
299    9  -6.3
299   12  -5.3
299   15  -7.3
299   18  -9.7
299   21 -14.4
300    0 -16.6
300    3 -14.0
300    6 -10.4
300    9  -7.9
300   12  -7.0
300   15  -8.1
300   18 -11.4
300   21 -14.6
301    0 -18.2
301    3 -14.8
301    6 -11.4
301    9  -7.5
301   12  -7.8
301   15  -7.9
301   18 -10.8
301   21 -14.8
302    0 -18.2
302    3 -14.4
302    6 -11.0
302    9  -8.9
302   12  -7.4
302   15  -8.7
302   18 -12.8
302   21 -14.0
303    0 -18.2
303    3 -14.7
303    6 -10.6
303    9  -8.9
303   12  -8.2
303   15  -8.5
303   18 -12.4
303   21 -15.5
304    0 -17.0
304    3 -16.3
304    6 -13.6
304    9  -8.8
304   12  -7.6
304   15  -8.2
304   18 -11.4
304   21 -15.3
305    0 -17.7
305    3 -18.7
305    6 -13.5
305    9  -9.4
305   12  -8.1
305   15  -8.6
305   18 -11.1
305   21 -15.5
306    0 -18.7
306    3 -16.5
306    6 -13.3
306    9  -8.6
306   12  -6.9
306   15 -10.4
306   18 -12.7
306   21 -16.3
307    0 -19.7
307    3 -15.8
307    6 -15.9
307    9 -10.9
307   12  -7.5
307   15  -8.9
307   18 -12.5
307   21 -15.6
308    0 -19.6
308    3 -16.2
308    6 -13.4
308    9 -11.1
308   12 -10.2
308   15  -9.7
308   18 -12.8
308   21 -16.6
309    0 -20.0
309    3 -18.9
309    6 -14.0
309    9  -8.7
309   12  -8.4
309   15 -11.3
309   18 -14.6
309   21 -18.1
310    0 -19.4
310    3 -19.5
310    6 -14.8
310    9 -11.0
310   12  -8.4
310   15 -12.2
310   18 -14.2
310   21 -18.7
311    0 -19.7
311    3 -17.4
311    6 -13.7
311    9 -10.4
311   12  -9.7
311   15  -9.8
311   18 -15.3
311   21 -19.0
312    0 -19.4
312    3 -20.6
312    6 -14.6
312    9 -11.5
312   12 -10.6
312   15 -13.3
312   18 -16.2
312   21 -18.6
313    0 -20.4
313    3 -18.9
313    6 -16.2
313    9 -10.9
313   12  -9.6
313   15 -12.1
313   18 -15.4
313   21 -19.1
314    0 -20.3
314    3 -19.3
314    6 -15.7
314    9 -11.6
314   12 -11.5
314   15 -14.2
314   18 -16.1
314   21 -18.5
315    0 -21.1
315    3 -19.4
315    6 -15.7
315    9 -14.3
315   12 -12.5
315   15 -12.1
315   18 -17.3
315   21 -20.4
316    0 -22.2
316    3 -19.7
316    6 -16.6
316    9 -12.8
316   12 -10.4
316   15 -13.4
316   18 -17.0
316   21 -20.3
317    0 -22.9
317    3 -20.2
317    6 -17.1
317    9 -13.2
317   12 -12.1
317   15 -11.6
317   18 -16.9
317   21 -20.2
318    0 -21.4
318    3 -19.7
318    6 -16.8
318    9 -14.5
318   12 -11.4
318   15 -14.3
318   18 -17.0
318   21 -21.5
319    0 -23.1
319    3 -20.5
319    6 -16.1
319    9 -14.4
319   12 -13.5
319   15 -15.0
319   18 -16.1
319   21 -20.9
320    0 -21.2
320    3 -22.0
320    6 -18.0
320    9 -15.1
320   12 -12.4
320   15 -14.7
320   18 -17.4
320   21 -20.6
321    0 -23.9
321    3 -21.5
321    6 -15.9
321    9 -14.2
321   12 -14.5
321   15 -13.6
321   18 -16.9
321   21 -21.5
322    0 -22.8
322    3 -22.8
322    6 -18.4
322    9 -14.7
322   12 -13.4
322   15 -16.1
322   18 -17.4
322   21 -24.0
323    0 -23.7
323    3 -21.4
323    6 -16.9
323    9 -16.4
323   12 -12.7
323   15 -14.2
323   18 -19.7
323   21 -22.2
324    0 -25.2
324    3 -22.3
324    6 -16.8
324    9 -16.5
324   12 -15.4
324   15 -16.5
324   18 -19.8
324   21 -24.1
325    0 -23.1
325    3 -21.8
325    6 -19.3
325    9 -14.3
325   12 -14.1
325   15 -14.9
325   18 -20.9
325   21 -22.4
326    0 -24.9
326    3 -24.5
326    6 -18.5
326    9 -15.6
326   12 -14.3
326   15 -17.2
326   18 -21.1
326   21 -23.3
327    0 -24.4
327    3 -22.7
327    6 -20.0
327    9 -14.3
327   12 -13.4
327   15 -15.9
327   18 -18.2
327   21 -22.5
328    0 -25.1
328    3 -22.2
328    6 -20.9
328    9 -16.3
328   12 -14.9
328   15 -14.9
328   18 -19.3
328   21 -25.0
329    0 -23.1
329    3 -25.1
329    6 -22.3
329    9 -17.4
329   12 -15.9
329   15 -16.4
329   18 -19.7
329   21 -23.9
330    0 -26.8
330    3 -25.9
330    6 -19.2
330    9 -17.6
330   12 -17.4
330   15 -16.8
330   18 -19.8
330   21 -23.9
331    0 -25.0
331    3 -23.2
331    6 -19.4
331    9 -18.9
331   12 -16.0
331   15 -16.3
331   18 -21.2
331   21 -23.4
332    0 -25.9
332    3 -25.2
332    6 -21.5
332    9 -18.1
332   12 -15.1
332   15 -18.3
332   18 -20.1
332   21 -25.2
333    0 -27.1
333    3 -25.2
333    6 -20.5
333    9 -16.7
333   12 -16.1
333   15 -16.5
333   18 -21.7
333   21 -25.2
334    0 -26.5
334    3 -24.4
334    6 -22.1
334    9 -18.6
334   12 -16.3
334   15 -18.0
334   18 -20.5
334   21 -25.2
335    0 -27.5
335    3 -24.9
335    6 -21.7
335    9 -17.8
335   12 -17.5
335   15 -16.4
335   18 -21.7
335   21 -26.3
336    0 -26.9
336    3 -25.9
336    6 -22.7
336    9 -17.0
336   12 -16.1
336   15 -17.8
336   18 -21.1
336   21 -25.3
337    0 -26.5
337    3 -26.9
337    6 -24.1
337    9 -17.2
337   12 -16.3
337   15 -18.2
337   18 -23.5
337   21 -24.3
338    0 -26.5
338    3 -25.1
338    6 -23.5
338    9 -19.4
338   12 -16.9
338   15 -17.6
338   18 -23.1
338   21 -25.7
339    0 -27.7
339    3 -26.1
339    6 -22.9
339    9 -18.6
339   12 -16.5
339   15 -19.4
339   18 -22.3
339   21 -25.1
340    0 -27.9
340    3 -26.2
340    6 -21.7
340    9 -18.6
340   12 -17.7
340   15 -20.4
340   18 -22.5
340   21 -26.8
341    0 -29.1
341    3 -27.0
341    6 -23.7
341    9 -18.5
341   12 -16.7
341   15 -18.9
341   18 -24.3
341   21 -26.6
342    0 -27.9
342    3 -26.2
342    6 -24.3
342    9 -19.1
342   12 -18.3
342   15 -20.3
342   18 -23.3
342   21 -26.6
343    0 -29.4
343    3 -26.6
343    6 -22.0
343    9 -19.5
343   12 -19.8
343   15 -18.3
343   18 -23.2
343   21 -26.8
344    0 -27.2
344    3 -28.5
344    6 -24.4
344    9 -19.0
344   12 -17.4
344   15 -18.8
344   18 -24.0
344   21 -26.5
345    0 -28.5
345    3 -28.3
345    6 -23.3
345    9 -20.0
345   12 -18.5
345   15 -18.6
345   18 -22.9
345   21 -25.7
346    0 -28.5
346    3 -25.6
346    6 -24.7
346    9 -20.1
346   12 -19.3
346   15 -19.1
346   18 -22.3
346   21 -27.2
347    0 -28.2
347    3 -28.3
347    6 -23.2
347    9 -19.1
347   12 -18.2
347   15 -18.1
347   18 -24.6
347   21 -26.9
348    0 -28.9
348    3 -27.5
348    6 -24.1
348    9 -19.4
348   12 -18.9
348   15 -19.6
348   18 -23.5
348   21 -26.9
349    0 -28.7
349    3 -28.6
349    6 -25.1
349    9 -19.9
349   12 -19.7
349   15 -21.1
349   18 -25.1
349   21 -29.2
350    0 -29.4
350    3 -28.3
350    6 -23.8
350    9 -19.6
350   12 -19.0
350   15 -22.6
350   18 -24.0
350   21 -27.9
351    0 -27.1
351    3 -27.6
351    6 -24.1
351    9 -22.7
351   12 -18.7
351   15 -21.1
351   18 -23.1
351   21 -26.6
352    0 -29.6
352    3 -27.5
352    6 -24.4
352    9 -22.6
352   12 -20.2
352   15 -21.2
352   18 -23.2
352   21 -28.9
353    0 -28.9
353    3 -27.0
353    6 -25.9
353    9 -22.1
353   12 -18.5
353   15 -21.3
353   18 -23.7
353   21 -27.4
354    0 -29.8
354    3 -29.5
354    6 -24.6
354    9 -20.6
354   12 -17.4
354   15 -21.4
354   18 -24.8
354   21 -28.7
355    0 -29.4
355    3 -27.6
355    6 -25.0
355    9 -22.1
355   12 -18.0
355   15 -20.9
355   18 -25.2
355   21 -27.2
356    0 -28.3
356    3 -28.8
356    6 -25.1
356    9 -21.4
356   12 -19.3
356   15 -20.4
356   18 -24.5
356   21 -29.0
357    0 -30.4
357    3 -28.7
357    6 -23.8
357    9 -21.4
357   12 -19.0
357   15 -21.2
357   18 -25.2
357   21 -27.1
358    0 -27.8
358    3 -27.4
358    6 -24.6
358    9 -21.1
358   12 -20.2
358   15 -20.9
358   18 -24.2
358   21 -29.2
359    0 -30.1
359    3 -29.8
359    6 -25.5
359    9 -21.1
359   12 -20.1
359   15 -23.5
359   18 -24.3
359   21 -26.6
360    0 -29.7
360    3 -29.4
360    6 -24.7
360    9 -21.0
360   12 -19.5
360   15 -21.0
360   18 -24.9
360   21 -30.2
361    0 -30.9
361    3 -28.3
361    6 -26.1
361    9 -21.6
361   12 -18.3
361   15 -20.2
361   18 -24.3
361   21 -27.7
362    0 -29.4
362    3 -29.3
362    6 -24.2
362    9 -20.6
362   12 -19.4
362   15 -20.8
362   18 -25.2
362   21 -29.1
363    0 -30.0
363    3 -28.5
363    6 -25.2
363    9 -21.2
363   12 -19.6
363   15 -21.2
363   18 -24.4
363   21 -27.5
364    0 -30.6
364    3 -27.7
364    6 -25.2
364    9 -22.3
364   12 -21.2
364   15 -21.1
364   18 -25.4
364   21 -28.7
365    0 -30.6
365    3 -29.5
365    6 -24.4
365    9 -21.1
365   12 -20.6
365   15 -20.9
365   18 -24.4
365   21 -28.9
