  1    0 -28.4
  1    3 -27.3
  1    6 -24.8
  1    9 -22.5
  1   12 -19.4
  1   15 -19.3
  1   18 -26.0
  1   21 -27.7
  2    0 -29.4
  2    3 -28.9
  2    6 -25.0
  2    9 -23.7
  2   12 -20.8
  2   15 -20.5
  2   18 -25.0
  2   21 -26.5
  3    0 -30.6
  3    3 -28.3
  3    6 -25.2
  3    9 -21.6
  3   12 -20.4
  3   15 -21.0
  3   18 -25.0
  3   21 -30.3
  4    0 -29.2
  4    3 -29.1
  4    6 -26.2
  4    9 -20.0
  4   12 -20.0
  4   15 -20.4
  4   18 -25.2
  4   21 -28.5
  5    0 -31.3
  5    3 -28.9
  5    6 -25.1
  5    9 -20.4
  5   12 -21.5
  5   15 -20.6
  5   18 -24.9
  5   21 -28.1
  6    0 -30.7
  6    3 -29.0
  6    6 -23.9
  6    9 -23.2
  6   12 -20.9
  6   15 -22.0
  6   18 -23.9
  6   21 -28.8
  7    0 -31.1
  7    3 -29.6
  7    6 -25.5
  7    9 -21.7
  7   12 -18.5
  7   15 -22.3
  7   18 -23.1
  7   21 -28.2
  8    0 -30.6
  8    3 -29.6
  8    6 -25.8
  8    9 -20.5
  8   12 -21.8
  8   15 -20.5
  8   18 -25.6
  8   21 -28.6
  9    0 -28.8
  9    3 -28.7
  9    6 -25.4
  9    9 -20.2
  9   12 -18.8
  9   15 -19.2
  9   18 -24.4
  9   21 -28.7
 10    0 -29.1
 10    3 -28.2
 10    6 -23.9
 10    9 -21.0
 10   12 -19.3
 10   15 -20.8
 10   18 -23.5
 10   21 -28.8
 11    0 -28.8
 11    3 -28.6
 11    6 -25.4
 11    9 -21.9
 11   12 -18.6
 11   15 -20.9
 11   18 -25.6
 11   21 -27.6
 12    0 -29.4
 12    3 -27.7
 12    6 -24.2
 12    9 -19.8
 12   12 -19.2
 12   15 -20.2
 12   18 -25.4
 12   21 -28.7
 13    0 -30.3
 13    3 -29.2
 13    6 -24.5
 13    9 -19.3
 13   12 -19.7
 13   15 -20.7
 13   18 -24.9
 13   21 -29.4
 14    0 -28.0
 14    3 -28.1
 14    6 -24.4
 14    9 -21.0
 14   12 -20.0
 14   15 -21.0
 14   18 -24.6
 14   21 -29.1
 15    0 -28.9
 15    3 -27.0
 15    6 -24.3
 15    9 -18.9
 15   12 -18.7
 15   15 -19.5
 15   18 -24.5
 15   21 -29.4
 16    0 -30.6
 16    3 -27.5
 16    6 -26.2
 16    9 -21.0
 16   12 -20.2
 16   15 -22.0
 16   18 -25.0
 16   21 -29.5
 17    0 -29.3
 17    3 -28.6
 17    6 -24.3
 17    9 -21.5
 17   12 -18.5
 17   15 -19.7
 17   18 -23.7
 17   21 -27.2
 18    0 -28.5
 18    3 -27.5
 18    6 -23.3
 18    9 -18.8
 18   12 -18.9
 18   15 -18.8
 18   18 -24.9
 18   21 -26.3
 19    0 -27.6
 19    3 -26.7
 19    6 -23.0
 19    9 -21.1
 19   12 -19.2
 19   15 -20.1
 19   18 -22.4
 19   21 -26.7
 20    0 -29.7
 20    3 -28.6
 20    6 -23.1
 20    9 -20.1
 20   12 -17.9
 20   15 -19.5
 20   18 -23.5
 20   21 -27.8
 21    0 -28.5
 21    3 -26.7
 21    6 -22.9
 21    9 -19.0
 21   12 -18.1
 21   15 -19.8
 21   18 -23.3
 21   21 -26.9
 22    0 -29.8
 22    3 -27.3
 22    6 -23.0
 22    9 -19.0
 22   12 -16.8
 22   15 -19.0
 22   18 -22.8
 22   21 -26.3
 23    0 -28.0
 23    3 -28.4
 23    6 -24.0
 23    9 -19.7
 23   12 -18.6
 23   15 -20.1
 23   18 -23.6
 23   21 -25.2
 24    0 -27.9
 24    3 -27.0
 24    6 -23.3
 24    9 -19.9
 24   12 -18.3
 24   15 -21.5
 24   18 -22.3
 24   21 -27.6
 25    0 -28.1
 25    3 -26.6
 25    6 -23.7
 25    9 -19.3
 25   12 -18.7
 25   15 -20.7
 25   18 -24.9
 25   21 -26.0
 26    0 -28.1
 26    3 -27.4
 26    6 -23.7
 26    9 -19.6
 26   12 -16.9
 26   15 -20.4
 26   18 -22.7
 26   21 -25.8
 27    0 -28.3
 27    3 -25.1
 27    6 -24.1
 27    9 -19.4
 27   12 -17.5
 27   15 -19.8
 27   18 -21.9
 27   21 -26.1
 28    0 -27.5
 28    3 -24.3
 28    6 -21.1
 28    9 -17.6
 28   12 -17.9
 28   15 -16.6
 28   18 -21.7
 28   21 -25.5
 29    0 -28.1
 29    3 -26.7
 29    6 -22.7
 29    9 -20.0
 29   12 -17.5
 29   15 -18.8
 29   18 -21.3
 29   21 -25.5
 30    0 -28.3
 30    3 -26.3
 30    6 -22.3
 30    9 -19.4
 30   12 -18.1
 30   15 -18.6
 30   18 -19.9
 30   21 -25.1
 31    0 -28.3
 31    3 -26.9
 31    6 -22.1
 31    9 -20.4
 31   12 -18.1
 31   15 -19.2
 31   18 -21.9
 31   21 -25.9
 32    0 -26.3
 32    3 -25.4
 32    6 -19.9
 32    9 -18.8
 32   12 -15.9
 32   15 -17.6
 32   18 -21.1
 32   21 -24.6
 33    0 -27.3
 33    3 -26.0
 33    6 -22.3
 33    9 -17.7
 33   12 -17.5
 33   15 -17.1
 33   18 -20.7
 33   21 -24.6
 34    0 -27.7
 34    3 -23.2
 34    6 -22.3
 34    9 -16.9
 34   12 -15.9
 34   15 -17.9
 34   18 -21.3
 34   21 -23.0
 35    0 -27.0
 35    3 -26.0
 35    6 -20.8
 35    9 -18.1
 35   12 -15.2
 35   15 -17.1
 35   18 -21.0
 35   21 -24.2
 36    0 -25.4
 36    3 -25.1
 36    6 -21.8
 36    9 -16.4
 36   12 -14.8
 36   15 -16.6
 36   18 -19.6
 36   21 -23.1
 37    0 -24.9
 37    3 -22.5
 37    6 -20.1
 37    9 -18.6
 37   12 -15.7
 37   15 -16.0
 37   18 -20.9
 37   21 -23.5
 38    0 -25.3
 38    3 -24.2
 38    6 -20.5
 38    9 -18.9
 38   12 -15.9
 38   15 -17.7
 38   18 -19.1
 38   21 -24.0
 39    0 -26.2
 39    3 -21.3
 39    6 -19.8
 39    9 -16.3
 39   12 -15.0
 39   15 -17.5
 39   18 -21.2
 39   21 -23.1
 40    0 -23.7
 40    3 -24.1
 40    6 -18.3
 40    9 -15.8
 40   12 -12.7
 40   15 -17.2
 40   18 -20.9
 40   21 -23.5
 41    0 -25.3
 41    3 -22.0
 41    6 -19.5
 41    9 -16.3
 41   12 -15.7
 41   15 -15.9
 41   18 -18.3
 41   21 -23.6
 42    0 -25.6
 42    3 -22.7
 42    6 -19.0
 42    9 -15.5
 42   12 -13.8
 42   15 -16.3
 42   18 -19.2
 42   21 -22.3
 43    0 -23.7
 43    3 -21.8
 43    6 -18.7
 43    9 -14.8
 43   12 -14.9
 43   15 -15.8
 43   18 -18.3
 43   21 -23.0
 44    0 -23.6
 44    3 -23.0
 44    6 -18.8
 44    9 -15.5
 44   12 -14.0
 44   15 -13.3
 44   18 -18.6
 44   21 -20.6
 45    0 -23.3
 45    3 -21.5
 45    6 -19.1
 45    9 -14.4
 45   12 -12.9
 45   15 -15.6
 45   18 -18.3
 45   21 -21.9
 46    0 -23.4
 46    3 -21.6
 46    6 -16.4
 46    9 -14.5
 46   12 -13.2
 46   15 -15.1
 46   18 -16.8
 46   21 -19.6
 47    0 -24.7
 47    3 -22.5
 47    6 -17.9
 47    9 -14.0
 47   12 -13.3
 47   15 -13.8
 47   18 -18.5
 47   21 -20.3
 48    0 -22.2
 48    3 -20.7
 48    6 -18.0
 48    9 -12.7
 48   12 -13.0
 48   15 -15.1
 48   18 -17.6
 48   21 -20.9
 49    0 -21.3
 49    3 -20.6
 49    6 -18.3
 49    9 -13.0
 49   12 -11.1
 49   15 -12.0
 49   18 -18.7
 49   21 -19.2
 50    0 -21.0
 50    3 -20.3
 50    6 -18.0
 50    9 -11.2
 50   12 -11.6
 50   15 -13.4
 50   18 -15.8
 50   21 -20.9
 51    0 -21.9
 51    3 -20.8
 51    6 -14.5
 51    9 -11.5
 51   12 -12.5
 51   15 -12.5
 51   18 -15.9
 51   21 -19.8
 52    0 -22.1
 52    3 -20.3
 52    6 -16.7
 52    9 -12.6
 52   12  -9.7
 52   15 -11.2
 52   18 -15.3
 52   21 -18.7
 53    0 -20.2
 53    3 -19.3
 53    6 -15.6
 53    9 -11.7
 53   12 -11.2
 53   15 -12.1
 53   18 -16.2
 53   21 -21.1
 54    0 -18.8
 54    3 -19.4
 54    6 -15.6
 54    9 -12.1
 54   12 -10.6
 54   15 -12.1
 54   18 -15.4
 54   21 -19.2
 55    0 -19.9
 55    3 -17.6
 55    6 -14.3
 55    9 -13.2
 55   12  -9.5
 55   15 -11.0
 55   18 -14.5
 55   21 -17.2
 56    0 -19.0
 56    3 -17.3
 56    6 -15.2
 56    9 -12.0
 56   12  -9.2
 56   15 -10.4
 56   18 -15.4
 56   21 -17.3
 57    0 -18.6
 57    3 -17.5
 57    6 -13.8
 57    9  -9.5
 57   12  -7.6
 57   15  -8.7
 57   18 -13.2
 57   21 -17.7
 58    0 -19.8
 58    3 -17.8
 58    6 -12.8
 58    9 -11.5
 58   12  -8.6
 58   15 -10.7
 58   18 -12.0
 58   21 -18.0
 59    0 -19.1
 59    3 -17.4
 59    6 -13.5
 59    9 -10.9
 59   12  -8.1
 59   15  -9.5
 59   18 -14.5
 59   21 -16.0
 60    0 -19.7
 60    3 -17.1
 60    6 -11.9
 60    9  -9.4
 60   12  -6.9
 60   15  -9.2
 60   18 -13.9
 60   21 -16.1
 61    0 -17.5
 61    3 -15.9
 61    6 -12.9
 61    9  -9.2
 61   12  -6.5
 61   15 -10.2
 61   18 -12.1
 61   21 -15.9
 62    0 -17.8
 62    3 -17.3
 62    6 -11.4
 62    9  -9.4
 62   12  -8.4
 62   15  -9.0
 62   18 -14.0
 62   21 -15.7
 63    0 -17.0
 63    3 -15.1
 63    6 -11.4
 63    9  -9.5
 63   12  -7.0
 63   15  -8.7
 63   18 -13.2
 63   21 -15.3
 64    0 -15.4
 64    3 -15.8
 64    6 -10.6
 64    9  -7.1
 64   12  -6.4
 64   15  -9.1
 64   18 -12.0
 64   21 -16.4
 65    0 -15.4
 65    3 -15.0
 65    6  -9.6
 65    9  -8.1
 65   12  -5.2
 65   15  -8.3
 65   18 -10.4
 65   21 -15.0
 66    0 -15.4
 66    3 -16.2
 66    6 -11.0
 66    9  -6.9
 66   12  -7.0
 66   15  -8.9
 66   18 -11.4
 66   21 -12.8
 67    0 -16.1
 67    3 -13.6
 67    6 -11.1
 67    9  -7.1
 67   12  -6.5
 67   15  -6.1
 67   18  -9.7
 67   21 -14.0
 68    0 -14.5
 68    3 -14.4
 68    6  -7.9
 68    9  -5.5
 68   12  -4.5
 68   15  -6.5
 68   18 -10.7
 68   21 -15.6
 69    0 -15.5
 69    3 -14.8
 69    6  -7.7
 69    9  -4.7
 69   12  -7.1
 69   15  -7.1
 69   18 -11.1
 69   21 -13.8
 70    0 -14.7
 70    3 -12.4
 70    6  -9.3
 70    9  -6.3
 70   12  -4.5
 70   15  -5.3
 70   18  -9.3
 70   21 -11.8
 71    0 -15.1
 71    3 -11.4
 71    6  -7.7
 71    9  -5.7
 71   12  -4.3
 71   15  -5.5
 71   18  -8.1
 71   21 -12.0
 72    0 -13.9
 72    3 -11.8
 72    6  -8.7
 72    9  -3.3
 72   12  -3.7
 72   15  -4.5
 72   18  -8.1
 72   21 -11.0
 73    0 -14.1
 73    3 -10.4
 73    6  -9.7
 73    9  -4.5
 73   12  -2.3
 73   15  -3.7
 73   18  -7.1
 73   21 -10.6
 74    0 -12.4
 74    3  -9.2
 74    6  -6.4
 74    9  -4.3
 74   12  -2.4
 74   15  -5.3
 74   18  -8.0
 74   21 -11.2
 75    0 -10.8
 75    3 -11.4
 75    6  -6.8
 75    9  -3.5
 75   12  -3.8
 75   15  -5.5
 75   18  -6.0
 75   21 -11.0
 76    0 -11.4
 76    3 -10.6
 76    6  -6.8
 76    9  -2.5
 76   12  -0.6
 76   15  -1.7
 76   18  -8.0
 76   21 -10.2
 77    0 -11.8
 77    3  -9.7
 77    6  -6.6
 77    9  -3.9
 77   12  -1.2
 77   15  -3.9
 77   18  -6.4
 77   21 -10.5
 78    0 -10.8
 78    3  -9.5
 78    6  -6.8
 78    9  -3.0
 78   12  -1.2
 78   15  -2.6
 78   18  -6.2
 78   21  -8.9
 79    0 -11.4
 79    3  -8.1
 79    6  -5.4
 79    9  -2.4
 79   12  -0.8
 79   15  -3.6
 79   18  -6.4
 79   21  -9.1
 80    0 -11.3
 80    3  -8.7
 80    6  -3.9
 80    9  -2.8
 80   12   0.9
 80   15  -1.8
 80   18  -3.7
 80   21  -9.5
 81    0  -8.5
 81    3  -9.1
 81    6  -3.3
 81    9  -0.6
 81   12   0.3
 81   15  -0.8
 81   18  -5.7
 81   21  -8.1
 82    0  -8.1
 82    3  -8.2
 82    6  -4.7
 82    9  -2.6
 82   12   0.1
 82   15   0.6
 82   18  -5.3
 82   21  -9.0
 83    0  -8.1
 83    3  -6.6
 83    6  -2.1
 83    9  -0.1
 83   12   0.1
 83   15   0.9
 83   18  -4.5
 83   21  -8.4
 84    0  -8.0
 84    3  -6.2
 84    6  -2.0
 84    9  -0.1
 84   12   0.4
 84   15  -0.7
 84   18  -3.0
 84   21  -6.2
 85    0  -7.6
 85    3  -5.9
 85    6  -2.6
 85    9   1.9
 85   12   0.6
 85   15  -0.3
 85   18  -3.0
 85   21  -5.1
 86    0  -7.6
 86    3  -6.3
 86    6  -3.0
 86    9   0.8
 86   12   1.6
 86   15   0.6
 86   18  -4.6
 86   21  -4.5
 87    0  -7.6
 87    3  -5.5
 87    6  -2.6
 87    9   3.0
 87   12   2.4
 87   15   1.6
 87   18  -3.4
 87   21  -5.7
 88    0  -5.9
 88    3  -5.9
 88    6  -1.7
 88    9   1.4
 88   12   3.5
 88   15  -0.8
 88   18  -0.3
 88   21  -4.7
 89    0  -6.3
 89    3  -4.6
 89    6  -2.1
 89    9   2.0
 89   12   4.5
 89   15   3.8
 89   18   0.1
 89   21  -5.6
 90    0  -7.7
 90    3  -4.4
 90    6  -0.7
 90    9   2.9
 90   12   4.7
 90   15   1.7
 90   18  -0.1
 90   21  -5.2
 91    0  -4.6
 91    3  -1.4
 91    6  -1.2
 91    9   1.7
 91   12   5.8
 91   15   3.9
 91   18  -0.4
 91   21  -4.8
 92    0  -4.4
 92    3  -2.9
 92    6  -0.4
 92    9   2.5
 92   12   6.8
 92   15   4.7
 92   18  -0.2
 92   21  -3.9
 93    0  -4.6
 93    3  -3.3
 93    6   1.2
 93    9   2.6
 93   12   7.0
 93   15   3.6
 93   18   0.6
 93   21  -3.3
 94    0  -5.3
 94    3  -4.7
 94    6  -0.3
 94    9   3.2
 94   12   5.5
 94   15   3.6
 94   18  -0.7
 94   21  -1.9
 95    0  -4.1
 95    3  -2.0
 95    6  -0.1
 95    9   6.0
 95   12   4.9
 95   15   6.4
 95   18   2.1
 95   21  -2.6
 96    0  -2.7
 96    3  -1.8
 96    6   2.3
 96    9   5.5
 96   12   4.9
 96   15   5.7
 96   18   1.7
 96   21  -2.6
 97    0  -2.2
 97    3  -2.0
 97    6   1.2
 97    9   5.7
 97   12   6.0
 97   15   7.3
 97   18   2.4
 97   21  -0.2
 98    0  -3.2
 98    3  -0.4
 98    6   3.6
 98    9   7.3
 98   12   7.0
 98   15   6.1
 98   18   2.8
 98   21  -1.8
 99    0  -2.0
 99    3   0.1
 99    6   4.4
 99    9   6.9
 99   12   8.8
 99   15   5.9
 99   18   2.8
 99   21  -0.1
100    0  -3.6
100    3  -0.9
100    6   4.0
100    9   5.2
100   12   8.2
100   15   7.2
100   18   3.8
100   21  -0.5
101    0  -1.5
101    3   1.7
101    6   3.7
101    9   8.2
101   12   8.3
101   15   8.8
101   18   2.9
101   21   0.5
102    0  -0.9
102    3  -0.8
102    6   3.5
102    9   7.4
102   12   9.1
102   15   7.8
102   18   4.7
102   21   2.8
103    0  -0.5
103    3   2.2
103    6   4.5
103    9   9.5
103   12  11.3
103   15   7.9
103   18   3.1
103   21   1.4
104    0   1.1
104    3   0.8
104    6   5.3
104    9   9.9
104   12  10.5
104   15   8.7
104   18   4.7
104   21   1.8
105    0   0.6
105    3   2.0
105    6   5.8
105    9  10.1
105   12  11.8
105   15   9.5
105   18   5.6
105   21   1.4
106    0   0.8
106    3   2.0
106    6   6.6
106    9  10.3
106   12   8.6
106   15  10.5
106   18   6.0
106   21   2.8
107    0   1.6
107    3   2.5
107    6   5.8
107    9   9.1
107   12  11.2
107   15   9.7
107   18   5.8
107   21   2.9
108    0   1.0
108    3   2.9
108    6   7.2
108    9   9.8
108   12  13.2
108   15   9.8
108   18   6.6
108   21   4.3
109    0   2.0
109    3   3.9
109    6   7.6
109    9   9.4
109   12  12.2
109   15  11.2
109   18   8.6
109   21   2.3
110    0   1.2
110    3   6.3
110    6   8.0
110    9  10.2
110   12  12.2
110   15  10.6
110   18   6.4
110   21   4.5
111    0   2.1
111    3   5.1
111    6   8.5
111    9  12.0
111   12  13.5
111   15  12.2
111   18   8.9
111   21   4.1
112    0   1.7
112    3   5.1
112    6   8.1
112    9  13.0
112   12  13.5
112   15  11.2
112   18   9.1
112   21   4.1
113    0   4.1
113    3   5.9
113    6   8.9
113    9  13.6
113   12  14.9
113   15  12.6
113   18   6.5
113   21   5.1
114    0   5.9
114    3   5.3
114    6   8.9
114    9  12.8
114   12  14.9
114   15  12.6
114   18  10.3
114   21   6.3
115    0   4.9
115    3   5.5
115    6   9.9
115    9  13.0
115   12  15.3
115   15  14.4
115   18  10.5
115   21   6.9
116    0   5.7
116    3   7.5
116    6   9.1
116    9  14.0
116   12  15.9
116   15  13.2
116   18  10.1
116   21   5.1
117    0   4.1
117    3   6.7
117    6   9.9
117    9  12.4
117   12  16.3
117   15  15.0
117   18  11.1
117   21   7.1
118    0   4.8
118    3   6.3
118    6  10.0
118    9  14.4
118   12  15.4
118   15  15.0
118   18  11.8
118   21   9.7
119    0   7.0
119    3   7.1
119    6  10.2
119    9  15.2
119   12  16.2
119   15  15.0
119   18  12.8
119   21   6.3
120    0   6.8
120    3   8.5
120    6  12.6
120    9  15.0
120   12  16.8
120   15  15.8
120   18  11.0
120   21   7.3
121    0   6.4
121    3   9.3
121    6  11.0
121    9  16.5
121   12  17.6
121   15  16.1
121   18  11.2
121   21   9.3
122    0   7.8
122    3   7.8
122    6  11.8
122    9  14.3
122   12  16.4
122   15  17.7
122   18  12.0
122   21   9.8
123    0   8.3
123    3   8.8
123    6  12.5
123    9  15.9
123   12  18.5
123   15  17.1
123   18  12.7
123   21   7.4
124    0   7.3
124    3   9.2
124    6  14.3
124    9  15.3
124   12  16.9
124   15  17.3
124   18  13.5
124   21   9.6
125    0   9.1
125    3  10.9
125    6  11.7
125    9  17.8
125   12  17.7
125   15  17.6
125   18  12.5
125   21   9.1
126    0   9.2
126    3  11.5
126    6  13.4
126    9  17.2
126   12  17.6
126   15  18.0
126   18  12.8
126   21   9.1
127    0   8.8
127    3   9.1
127    6  14.8
127    9  17.7
127   12  18.2
127   15  17.9
127   18  15.4
127   21  10.9
128    0   9.4
128    3  11.6
128    6  16.4
128    9  17.9
128   12  20.4
128   15  18.1
128   18  14.2
128   21  11.2
129    0  10.5
129    3   9.8
129    6  15.7
129    9  17.4
129   12  21.1
129   15  19.4
129   18  13.5
129   21  11.6
130    0  10.8
130    3  12.3
130    6  14.6
130    9  17.4
130   12  19.4
130   15  17.4
130   18  15.4
130   21  12.3
131    0  10.2
131    3  11.3
131    6  16.0
131    9  18.5
131   12  20.2
131   15  18.5
131   18  15.8
131   21  11.3
132    0  12.9
132    3  12.2
132    6  15.1
132    9  20.1
132   12  21.1
132   15  20.1
132   18  16.7
132   21  12.2
133    0  10.3
133    3  14.1
133    6  15.5
133    9  20.2
133   12  20.7
133   15  18.4
133   18  15.1
133   21  13.5
134    0  11.8
134    3  12.8
134    6  17.4
134    9  18.7
134   12  21.2
134   15  18.9
134   18  17.0
134   21  12.8
135    0  10.9
135    3  12.8
135    6  15.7
135    9  19.6
135   12  19.7
135   15  20.8
135   18  16.7
135   21  13.2
136    0  12.2
136    3  12.7
136    6  16.4
136    9  19.5
136   12  21.2
136   15  19.7
136   18  16.6
136   21  14.3
137    0  13.5
137    3  16.0
137    6  18.3
137    9  21.1
137   12  22.5
137   15  21.7
137   18  19.9
137   21  11.6
138    0  13.2
138    3  14.3
138    6  16.8
138    9  20.0
138   12  21.8
138   15  21.6
138   18  17.8
138   21  13.3
139    0  13.3
139    3  15.8
139    6  16.1
139    9  21.7
139   12  22.1
139   15  21.7
139   18  19.7
139   21  14.6
140    0  13.6
140    3  16.7
140    6  18.6
140    9  21.0
140   12  23.0
140   15  21.0
140   18  17.2
140   21  13.5
141    0  13.5
141    3  15.8
141    6  18.9
141    9  20.4
141   12  24.7
141   15  22.8
141   18  18.7
141   21  17.0
142    0  14.8
142    3  15.5
142    6  19.2
142    9  23.1
142   12  24.0
142   15  23.1
142   18  19.8
142   21  14.9
143    0  13.9
143    3  15.7
143    6  20.3
143    9  22.8
143   12  25.7
143   15  22.6
143   18  18.7
143   21  14.1
144    0  14.3
144    3  15.6
144    6  20.7
144    9  23.9
144   12  24.9
144   15  23.3
144   18  19.7
144   21  16.4
145    0  15.2
145    3  16.9
145    6  18.2
145    9  25.9
145   12  24.8
145   15  22.5
145   18  20.2
145   21  16.7
146    0  16.3
146    3  16.1
146    6  19.1
146    9  24.0
146   12  26.1
146   15  25.4
146   18  18.3
146   21  15.1
147    0  14.5
147    3  17.0
147    6  20.3
147    9  23.7
147   12  26.7
147   15  22.3
147   18  21.1
147   21  17.2
148    0  16.4
148    3  17.6
148    6  20.2
148    9  25.5
148   12  24.8
148   15  23.9
148   18  20.4
148   21  17.6
149    0  15.4
149    3  16.5
149    6  21.2
149    9  24.0
149   12  25.6
149   15  24.2
149   18  20.4
149   21  18.9
150    0  15.9
150    3  17.7
150    6  22.1
150    9  25.2
150   12  26.3
150   15  24.4
150   18  21.7
150   21  16.9
151    0  18.1
151    3  17.9
151    6  22.9
151    9  25.2
151   12  26.1
151   15  24.2
151   18  20.7
151   21  19.1
152    0  17.5
152    3  16.4
152    6  21.1
152    9  25.8
152   12  25.3
152   15  25.4
152   18  20.3
152   21  18.6
153    0  15.9
153    3  19.6
153    6  22.1
153    9  24.5
153   12  26.7
153   15  25.9
153   18  21.7
153   21  18.0
154    0  17.3
154    3  18.0
154    6  22.5
154    9  24.9
154   12  26.3
154   15  26.9
154   18  22.5
154   21  19.4
155    0  15.9
155    3  17.2
155    6  21.7
155    9  24.9
155   12  25.3
155   15  25.1
155   18  21.3
155   21  17.6
156    0  16.3
156    3  19.6
156    6  21.7
156    9  26.1
156   12  27.3
156   15  23.9
156   18  22.7
156   21  19.8
157    0  17.1
157    3  17.4
157    6  23.9
157    9  27.5
157   12  28.9
157   15  25.7
157   18  22.9
157   21  18.8
158    0  17.3
158    3  18.6
158    6  22.1
158    9  25.0
158   12  27.1
158   15  27.2
158   18  23.3
158   21  19.8
159    0  17.9
159    3  19.1
159    6  21.9
159    9  26.8
159   12  28.9
159   15  27.2
159   18  22.5
159   21  17.5
160    0  15.7
160    3  19.1
160    6  21.9
160    9  26.0
160   12  28.7
160   15  26.2
160   18  24.5
160   21  19.3
161    0  18.4
161    3  20.5
161    6  24.4
161    9  25.6
161   12  27.0
161   15  27.8
161   18  21.0
161   21  18.1
162    0  18.4
162    3  19.4
162    6  23.0
162    9  26.7
162   12  27.6
162   15  27.1
162   18  24.0
162   21  18.4
163    0  17.5
163    3  19.6
163    6  22.1
163    9  26.3
163   12  28.5
163   15  26.3
163   18  22.9
163   21  20.4
164    0  19.9
164    3  19.7
164    6  24.5
164    9  27.8
164   12  29.1
164   15  27.4
164   18  23.5
164   21  19.7
165    0  18.6
165    3  21.7
165    6  24.2
165    9  26.3
165   12  28.6
165   15  25.7
165   18  23.6
165   21  20.5
166    0  18.9
166    3  19.8
166    6  21.5
166    9  26.1
166   12  27.9
166   15  27.9
166   18  22.9
166   21  19.2
167    0  17.7
167    3  20.9
167    6  23.3
167    9  28.6
167   12  30.9
167   15  28.2
167   18  24.5
167   21  21.1
168    0  21.2
168    3  21.2
168    6  25.2
168    9  27.7
168   12  27.4
168   15  27.9
168   18  23.6
168   21  21.4
169    0  19.1
169    3  19.9
169    6  24.1
169    9  27.2
169   12  28.9
169   15  27.4
169   18  23.3
169   21  22.5
170    0  19.4
170    3  20.6
170    6  22.6
170    9  27.9
170   12  29.4
170   15  27.7
170   18  24.6
170   21  21.4
171    0  19.1
171    3  22.5
171    6  25.7
171    9  27.6
171   12  28.7
171   15  27.0
171   18  24.1
171   21  21.5
172    0  19.6
172    3  20.8
172    6  24.2
172    9  29.9
172   12  28.2
172   15  27.7
172   18  24.6
172   21  22.0
173    0  20.6
173    3  20.3
173    6  25.2
173    9  28.6
173   12  28.4
173   15  28.6
173   18  25.6
173   21  19.5
174    0  19.9
174    3  19.0
174    6  26.3
174    9  27.4
174   12  30.1
174   15  28.2
174   18  24.7
174   21  21.8
175    0  19.2
175    3  20.6
175    6  26.0
175    9  28.7
175   12  31.0
175   15  28.5
175   18  24.6
175   21  22.4
176    0  21.8
176    3  21.9
176    6  25.8
176    9  26.8
176   12  28.8
176   15  29.0
176   18  24.2
176   21  21.5
177    0  18.7
177    3  21.3
177    6  23.9
177    9  28.8
177   12  29.3
177   15  27.6
177   18  25.3
177   21  18.9
178    0  21.3
178    3  21.0
178    6  24.7
178    9  28.0
178   12  31.1
178   15  28.8
178   18  26.9
178   21  21.2
179    0  19.9
179    3  21.8
179    6  24.7
179    9  29.3
179   12  30.9
179   15  28.3
179   18  24.5
179   21  19.8
180    0  20.6
180    3  20.4
180    6  24.6
180    9  30.1
180   12  30.8
180   15  28.1
180   18  24.8
180   21  21.4
181    0  20.2
181    3  22.8
181    6  25.8
181    9  29.3
181   12  29.4
181   15  27.3
181   18  26.8
181   21  21.0
182    0  20.8
182    3  22.1
182    6  25.0
182    9  29.3
182   12  28.2
182   15  27.3
182   18  23.6
182   21  20.7
183    0  20.8
183    3  21.7
183    6  26.4
183    9  28.3
183   12  30.4
183   15  27.7
183   18  25.4
183   21  20.1
184    0  19.4
184    3  21.7
184    6  25.0
184    9  30.5
184   12  30.8
184   15  28.9
184   18  25.2
184   21  21.5
185    0  20.0
185    3  21.0
185    6  22.8
185    9  28.5
185   12  30.6
185   15  26.3
185   18  24.4
185   21  21.8
186    0  19.8
186    3  22.6
186    6  26.2
186    9  28.3
186   12  30.6
186   15  29.1
186   18  25.4
186   21  21.4
187    0  18.9
187    3  20.4
187    6  24.3
187    9  29.9
187   12  27.9
187   15  28.3
187   18  23.1
187   21  20.6
188    0  20.7
188    3  20.6
188    6  25.9
188    9  29.4
188   12  30.1
188   15  28.8
188   18  24.7
188   21  23.0
189    0  19.5
189    3  21.5
189    6  26.3
189    9  28.2
189   12  29.5
189   15  26.8
189   18  23.9
189   21  21.1
190    0  20.6
190    3  21.5
190    6  25.8
190    9  29.6
190   12  28.8
190   15  28.6
190   18  25.4
190   21  21.9
191    0  19.8
191    3  22.0
191    6  24.0
191    9  29.1
191   12  30.2
191   15  29.5
191   18  24.4
191   21  19.4
192    0  20.7
192    3  21.4
192    6  24.1
192    9  29.6
192   12  29.9
192   15  29.0
192   18  24.7
192   21  21.4
193    0  18.2
193    3  20.9
193    6  24.2
193    9  29.0
193   12  30.4
193   15  26.8
193   18  23.8
193   21  21.7
194    0  20.2
194    3  22.8
194    6  25.2
194    9  26.5
194   12  30.2
194   15  26.5
194   18  24.4
194   21  21.0
195    0  19.1
195    3  21.1
195    6  24.3
195    9  28.6
195   12  29.5
195   15  28.8
195   18  24.7
195   21  21.1
196    0  18.6
196    3  20.6
196    6  24.6
196    9  28.5
196   12  29.6
196   15  26.9
196   18  25.0
196   21  21.6
197    0  18.7
197    3  20.1
197    6  23.7
197    9  28.2
197   12  30.3
197   15  27.4
197   18  23.9
197   21  20.7
198    0  17.4
198    3  20.8
198    6  23.2
198    9  27.9
198   12  30.0
198   15  27.7
198   18  23.8
198   21  21.4
199    0  18.5
199    3  20.1
199    6  23.5
199    9  27.4
199   12  30.3
199   15  27.0
199   18  22.9
199   21  20.7
200    0  19.9
200    3  20.4
200    6  24.1
200    9  28.1
200   12  30.1
200   15  27.1
200   18  23.1
200   21  19.4
201    0  18.8
201    3  19.7
201    6  23.0
201    9  28.1
201   12  29.0
201   15  27.1
201   18  24.0
201   21  20.1
202    0  19.3
202    3  19.7
202    6  24.3
202    9  27.6
202   12  29.1
202   15  27.6
202   18  24.1
202   21  19.3
203    0  18.3
203    3  19.0
203    6  23.3
203    9  26.3
203   12  29.1
203   15  26.5
203   18  24.3
203   21  20.0
204    0  16.6
204    3  19.6
204    6  24.4
204    9  27.1
204   12  27.8
204   15  26.7
204   18  23.8
204   21  20.6
205    0  17.8
205    3  20.5
205    6  24.0
205    9  27.6
205   12  27.2
205   15  27.8
205   18  24.8
205   21  18.7
206    0  18.5
206    3  19.9
206    6  23.9
206    9  27.2
206   12  29.3
206   15  26.8
206   18  22.5
206   21  20.3
207    0  19.1
207    3  19.1
207    6  23.5
207    9  26.6
207   12  28.1
207   15  25.2
207   18  22.5
207   21  20.1
208    0  18.9
208    3  17.8
208    6  21.9
208    9  27.4
208   12  26.9
208   15  25.4
208   18  22.7
208   21  19.0
209    0  15.9
209    3  18.2
209    6  20.9
209    9  26.3
209   12  28.1
209   15  26.9
209   18  21.7
209   21  19.0
210    0  17.3
210    3  19.8
210    6  22.3
210    9  26.7
210   12  27.3
210   15  25.5
210   18  22.7
210   21  18.4
211    0  17.9
211    3  17.4
211    6  22.3
211    9  25.5
211   12  27.1
211   15  26.5
211   18  22.7
211   21  18.2
212    0  16.5
212    3  18.8
212    6  23.1
212    9  25.5
212   12  26.7
212   15  25.9
212   18  22.7
212   21  18.2
213    0  18.1
213    3  19.4
213    6  21.3
213    9  26.9
213   12  26.7
213   15  24.7
213   18  22.5
213   21  16.8
214    0  17.5
214    3  19.0
214    6  19.7
214    9  24.6
214   12  25.7
214   15  24.4
214   18  21.5
214   21  17.6
215    0  16.5
215    3  17.3
215    6  21.9
215    9  24.2
215   12  27.1
215   15  24.6
215   18  22.1
215   21  18.1
216    0  16.7
216    3  16.7
216    6  20.9
216    9  25.4
216   12  26.1
216   15  25.0
216   18  21.7
216   21  17.3
217    0  16.6
217    3  17.7
217    6  21.2
217    9  25.4
217   12  24.0
217   15  23.2
217   18  21.2
217   21  16.3
218    0  15.2
218    3  17.2
218    6  20.6
218    9  22.7
218   12  26.2
218   15  23.5
218   18  19.4
218   21  15.2
219    0  15.3
219    3  16.2
219    6  21.7
219    9  24.3
219   12  23.9
219   15  23.3
219   18  19.9
219   21  16.0
220    0  16.1
220    3  16.1
220    6  20.7
220    9  22.6
220   12  24.5
220   15  23.6
220   18  20.9
220   21  17.3
221    0  14.2
221    3  16.7
221    6  20.8
221    9  23.1
221   12  26.4
221   15  24.3
221   18  20.0
221   21  17.3
222    0  14.9
222    3  16.4
222    6  20.9
222    9  22.3
222   12  25.3
222   15  22.5
222   18  20.1
222   21  15.2
223    0  13.9
223    3  16.7
223    6  20.5
223    9  23.2
223   12  24.5
223   15  23.8
223   18  16.9
223   21  14.7
224    0  14.2
224    3  15.9
224    6  20.2
224    9  23.9
224   12  24.0
224   15  22.9
224   18  18.4
224   21  14.9
225    0  12.9
225    3  15.8
225    6  19.1
225    9  23.0
225   12  22.9
225   15  21.4
225   18  19.1
225   21  14.6
226    0  13.0
226    3  14.7
226    6  19.4
226    9  23.4
226   12  22.4
226   15  21.8
226   18  19.4
226   21  15.7
227    0  12.1
227    3  14.0
227    6  18.3
227    9  22.7
227   12  22.9
227   15  20.9
227   18  18.3
227   21  13.6
228    0  13.2
228    3  13.5
228    6  18.2
228    9  21.4
228   12  24.4
228   15  21.0
228   18  18.2
228   21  13.1
229    0  11.9
229    3  13.6
229    6  16.3
229    9  21.3
229   12  20.5
229   15  20.7
229   18  18.1
229   21  13.6
230    0  12.2
230    3  13.3
230    6  17.4
230    9  21.1
230   12  22.4
230   15  21.9
230   18  16.6
230   21  14.3
231    0  13.5
231    3  11.8
231    6  16.9
231    9  19.8
231   12  21.3
231   15  19.0
231   18  18.1
231   21  14.6
232    0  11.8
232    3  13.6
232    6  16.8
232    9  19.9
232   12  21.0
232   15  19.3
232   18  17.2
232   21  14.0
233    0  10.3
233    3  13.1
233    6  16.9
233    9  18.6
233   12  19.7
233   15  20.0
233   18  16.7
233   21  12.9
234    0   9.1
234    3  13.0
234    6  17.9
234    9  19.5
234   12  21.9
234   15  18.9
234   18  15.7
234   21  10.8
235    0  12.2
235    3  12.9
235    6  15.8
235    9  18.5
235   12  20.8
235   15  18.7
235   18  15.8
235   21  13.7
236    0  11.0
236    3  11.7
236    6  14.4
236    9  17.8
236   12  20.4
236   15  19.6
236   18  14.0
236   21  11.1
237    0   9.9
237    3  13.8
237    6  15.9
237    9  18.0
237   12  19.7
237   15  19.0
237   18  15.1
237   21  12.2
238    0   9.6
238    3  11.4
238    6  15.2
238    9  18.7
238   12  19.2
238   15  16.1
238   18  14.2
238   21  11.2
239    0   9.0
239    3  10.1
239    6  15.0
239    9  19.5
239   12  19.8
239   15  16.9
239   18  14.4
239   21   9.1
240    0   9.6
240    3   9.7
240    6  14.6
240    9  18.0
240   12  17.0
240   15  17.6
240   18  13.8
240   21  10.3
241    0   7.3
241    3  10.3
241    6  12.9
241    9  18.0
241   12  19.7
241   15  18.2
241   18  13.1
241   21  11.7
242    0   9.3
242    3  11.0
242    6  12.7
242    9  17.1
242   12  16.9
242   15  16.5
242   18  12.3
242   21  10.2
243    0   6.9
243    3   9.8
243    6  12.5
243    9  16.7
243   12  19.3
243   15  17.3
243   18  13.9
243   21   7.8
244    0   7.6
244    3   7.0
244    6  13.6
244    9  17.1
244   12  19.6
244   15  17.7
244   18  12.4
244   21   9.2
245    0   6.0
245    3   7.7
245    6  13.4
245    9  15.3
245   12  17.4
245   15  15.7
245   18  11.0
245   21   9.1
246    0   6.6
246    3   8.1
246    6  11.6
246    9  14.6
246   12  17.0
246   15  15.6
246   18  12.8
246   21   9.1
247    0   6.6
247    3   7.7
247    6  12.0
247    9  14.2
247   12  15.4
247   15  13.4
247   18  10.6
247   21   7.5
248    0   5.8
248    3   6.7
248    6  10.8
248    9  13.8
248   12  16.8
248   15  15.4
248   18  11.2
248   21   7.3
249    0   5.5
249    3   5.9
249    6   9.1
249    9  14.6
249   12  15.5
249   15  13.4
249   18  10.5
249   21   8.1
250    0   6.5
250    3   8.3
250    6   9.9
250    9  14.0
250   12  16.1
250   15  13.2
250   18  10.9
250   21   5.1
251    0   3.3
251    3   6.7
251    6  10.3
251    9  12.2
251   12  15.9
251   15  12.2
251   18   9.9
251   21   7.1
252    0   4.1
252    3   6.3
252    6   9.9
252    9  12.6
252   12  16.3
252   15  13.2
252   18   8.1
252   21   6.9
253    0   3.1
253    3   5.1
253    6   7.7
253    9  14.2
253   12  13.7
253   15  11.8
253   18   9.7
253   21   6.3
254    0   1.5
254    3   5.5
254    6   9.9
254    9  11.4
254   12  12.5
254   15  12.8
254   18   8.5
254   21   4.3
255    0   2.1
255    3   5.1
255    6   7.1
255    9  11.6
255   12  13.1
255   15  12.2
255   18   8.5
255   21   5.3
256    0   2.0
256    3   3.9
256    6   8.4
256    9  11.2
256   12  13.8
256   15  10.6
256   18   7.6
256   21   2.7
257    0   2.0
257    3   2.9
257    6   8.0
257    9   9.4
257   12  12.6
257   15   9.6
257   18   6.2
257   21   3.9
258    0   0.8
258    3   3.7
258    6   6.0
258    9  10.8
258   12  11.4
258   15   8.0
258   18   7.6
258   21   3.5
259    0   0.0
259    3   2.7
259    6   6.6
259    9  10.1
259   12  10.8
259   15   9.5
259   18   6.2
259   21   0.9
260    0   0.8
260    3   1.8
260    6   6.8
260    9   9.9
260   12  10.8
260   15  10.1
260   18   6.0
260   21   4.4
261    0   2.0
261    3   3.0
261    6   7.6
261    9   9.1
261   12  10.4
261   15  11.3
261   18   4.6
261   21   2.4
262    0  -0.5
262    3   2.4
262    6   5.5
262    9   8.7
262   12   9.9
262   15   8.5
262   18   5.3
262   21   3.0
263    0   0.3
263    3   1.2
263    6   5.3
263    9   8.3
263   12  10.9
263   15   9.1
263   18   4.7
263   21   1.4
264    0  -0.5
264    3   0.2
264    6   3.9
264    9   8.4
264   12  10.5
264   15   9.6
264   18   3.9
264   21  -0.4
265    0  -0.9
265    3  -0.3
265    6   3.1
265    9   6.8
265   12   8.5
265   15   7.2
265   18   3.1
265   21   0.3
266    0  -1.2
266    3  -0.3
266    6   1.6
266    9   7.8
266   12   7.0
266   15   7.2
266   18   2.8
266   21   0.5
267    0  -2.0
267    3   0.1
267    6   3.2
267    9   7.1
267   12   7.2
267   15   5.9
267   18   3.2
267   21   0.5
268    0  -2.4
268    3  -2.4
268    6   0.4
268    9   6.1
268   12   5.8
268   15   6.1
268   18   3.0
268   21  -1.4
269    0  -2.8
269    3  -1.4
269    6   1.2
269    9   4.3
269   12   8.0
269   15   6.7
269   18   3.0
269   21  -1.8
270    0  -3.7
270    3  -0.6
270    6  -0.1
270    9   5.7
270   12   8.5
270   15   6.5
270   18   2.1
270   21  -3.0
271    0  -4.1
271    3  -2.4
271    6   0.7
271    9   4.4
271   12   8.3
271   15   5.2
271   18   2.1
271   21  -2.0
272    0  -2.3
272    3  -0.9
272    6  -1.1
272    9   4.6
272   12   5.9
272   15   4.6
272   18   1.7
272   21  -2.3
273    0  -3.4
273    3  -3.7
273    6  -0.2
273    9   4.4
273   12   5.2
273   15   4.0
273   18   0.2
273   21  -4.5
274    0  -5.2
274    3  -2.9
274    6  -0.6
274    9   3.1
274   12   5.8
274   15   2.5
274   18   1.2
274   21  -2.9
275    0  -4.4
275    3  -3.4
275    6   0.4
275    9   3.1
275   12   3.8
275   15   2.5
275   18  -0.4
275   21  -2.8
276    0  -5.5
276    3  -4.8
276    6   0.1
276    9   0.9
276   12   3.7
276   15   3.3
276   18  -0.7
276   21  -4.6
277    0  -6.9
277    3  -5.6
277    6  -0.7
277    9   3.2
277   12   3.1
277   15   1.6
277   18  -1.3
277   21  -3.4
278    0  -6.1
278    3  -5.5
278    6  -2.5
278    9   3.2
278   12   1.9
278   15   1.6
278   18  -1.9
278   21  -5.5
279    0  -7.8
279    3  -5.5
279    6  -2.6
279    9   1.4
279   12   2.6
279   15   4.0
279   18  -1.4
279   21  -5.5
280    0  -8.2
280    3  -5.7
280    6  -2.4
280    9   2.8
280   12   1.6
280   15   1.8
280   18  -1.0
280   21  -6.5
281    0  -8.4
281    3  -7.3
281    6  -2.0
281    9  -1.5
281   12   2.6
281   15   0.5
281   18  -3.4
281   21  -5.7
282    0  -9.6
282    3  -7.4
282    6  -2.4
282    9  -0.7
282   12   3.0
282   15   0.3
282   18  -2.6
282   21  -8.0
283    0  -8.9
283    3  -8.0
283    6  -4.7
283    9  -0.5
283   12   1.5
283   15   1.3
283   18  -5.9
283   21  -6.2
284    0  -8.9
284    3  -8.6
284    6  -3.9
284    9  -1.2
284   12  -0.3
284   15  -1.2
284   18  -2.9
284   21  -8.2
285    0 -10.3
285    3  -8.3
285    6  -3.9
285    9  -2.0
285   12   0.3
285   15  -1.2
285   18  -5.7
285   21  -7.9
286    0 -10.5
286    3  -8.7
286    6  -4.1
286    9  -0.0
286   12   0.3
286   15  -2.2
286   18  -3.3
286   21  -7.7
287    0  -8.4
287    3  -8.9
287    6  -7.2
287    9  -1.8
287   12   0.6
287   15  -3.4
287   18  -5.4
287   21  -7.5
288    0 -11.2
288    3  -9.1
288    6  -7.4
288    9  -2.6
288   12  -0.4
288   15  -3.0
288   18  -5.8
288   21 -10.3
289    0 -10.8
289    3  -8.1
289    6  -6.2
289    9  -3.1
289   12  -1.2
289   15  -1.5
289   18  -6.8
289   21  -9.1
290    0 -11.8
290    3  -9.4
290    6  -7.0
290    9  -3.1
290   12  -0.2
290   15  -4.9
290   18  -6.4
290   21 -10.8
291    0 -12.8
291    3 -10.4
291    6  -5.2
291    9  -3.7
291   12  -2.0
291   15  -3.1
291   18  -7.4
291   21 -11.2
292    0 -11.6
292    3 -10.8
292    6  -8.6
292    9  -3.9
292   12  -1.2
292   15  -4.1
292   18  -8.0
292   21 -11.4
293    0 -13.5
293    3 -11.8
293    6  -7.3
293    9  -3.7
293   12  -2.3
293   15  -4.3
293   18  -6.3
293   21 -10.8
294    0 -14.5
294    3 -11.2
294    6  -9.1
294    9  -4.1
294   12  -3.9
294   15  -6.1
294   18  -8.7
294   21 -11.4
295    0 -14.9
295    3 -11.6
295    6  -8.9
295    9  -7.1
295   12  -4.7
295   15  -5.5
295   18  -8.7
295   21 -12.2
296    0 -15.3
296    3 -12.6
296    6  -9.3
296    9  -6.3
296   12  -3.7
296   15  -6.1
296   18  -8.1
296   21 -13.0
297    0 -14.7
297    3 -12.4
297    6  -9.7
297    9  -6.9
297   12  -5.7
297   15  -6.3
297   18  -8.7
297   21 -13.6
298    0 -14.9
298    3 -13.6
298    6 -10.5
298    9  -6.5
298   12  -6.3
298   15  -5.7
298   18  -8.9
298   21 -15.0
299    0 -15.5
299    3 -13.2
299    6 -10.5
299    9  -6.9
299   12  -5.5
299   15  -7.7
299   18 -11.3
299   21 -13.2
300    0 -16.0
300    3 -14.2
300    6 -10.0
300    9  -8.7
300   12  -4.4
300   15  -6.3
300   18 -10.8
300   21 -14.2
301    0 -16.2
301    3 -15.0
301    6 -11.8
301    9  -7.3
301   12  -5.6
301   15  -7.5
301   18 -10.2
301   21 -15.4
302    0 -15.2
302    3 -15.8
302    6 -12.4
302    9  -7.1
302   12  -7.2
302   15  -8.7
302   18 -11.6
302   21 -15.4
303    0 -16.0
303    3 -16.1
303    6 -11.6
303    9  -7.1
303   12  -6.2
303   15  -8.3
303   18 -12.4
303   21 -15.1
304    0 -17.2
304    3 -16.7
304    6 -11.8
304    9  -7.8
304   12  -8.4
304   15  -8.4
304   18 -12.8
304   21 -15.5
305    0 -17.9
305    3 -14.5
305    6 -11.9
305    9  -9.4
305   12  -7.1
305   15  -9.6
305   18 -13.1
305   21 -17.5
306    0 -18.5
306    3 -17.9
306    6 -11.9
306    9  -8.4
306   12  -9.3
306   15 -10.6
306   18 -10.9
306   21 -16.5
307    0 -17.1
307    3 -17.4
307    6 -14.7
307    9  -9.7
307   12  -7.5
307   15 -10.3
307   18 -12.9
307   21 -16.6
308    0 -18.2
308    3 -17.4
308    6 -14.8
308    9 -10.7
308   12  -8.4
308   15 -10.3
308   18 -13.6
308   21 -19.4
309    0 -18.8
309    3 -17.7
309    6 -13.4
309    9 -11.5
309   12 -10.2
309   15 -11.5
309   18 -13.2
309   21 -17.1
310    0 -18.4
310    3 -17.9
310    6 -15.0
310    9 -11.4
310   12 -10.6
310   15 -12.0
310   18 -14.6
310   21 -19.3
311    0 -19.1
311    3 -18.2
311    6 -14.1
311    9 -12.4
311   12  -9.3
311   15 -10.8
311   18 -15.3
311   21 -19.2
312    0 -20.8
312    3 -19.4
312    6 -14.6
312    9 -12.1
312   12  -8.0
312   15 -10.5
312   18 -14.6
312   21 -19.0
313    0 -19.6
313    3 -18.9
313    6 -16.4
313    9 -12.9
313   12 -10.4
313   15 -11.3
313   18 -16.0
313   21 -18.5
314    0 -21.5
314    3 -19.3
314    6 -15.1
314    9 -11.8
314   12 -10.3
314   15 -12.4
314   18 -14.9
314   21 -19.1
315    0 -21.9
315    3 -19.8
315    6 -15.1
315    9 -11.7
315   12  -9.1
315   15 -11.3
315   18 -14.5
315   21 -20.8
316    0 -21.4
316    3 -19.1
316    6 -16.2
316    9 -12.8
316   12 -10.6
316   15 -13.8
316   18 -16.8
316   21 -19.3
317    0 -20.9
317    3 -21.0
317    6 -18.7
317    9 -12.2
317   12 -11.5
317   15 -13.8
317   18 -17.5
317   21 -20.4
318    0 -21.8
318    3 -21.9
318    6 -17.2
318    9 -14.3
318   12 -11.2
318   15 -14.1
318   18 -16.8
318   21 -20.5
319    0 -22.9
319    3 -21.9
319    6 -16.9
319    9 -14.4
319   12 -12.7
319   15 -12.6
319   18 -16.7
319   21 -19.5
320    0 -21.2
320    3 -22.0
320    6 -17.0
320    9 -13.9
320   12 -14.2
320   15 -13.7
320   18 -18.4
320   21 -20.2
321    0 -23.5
321    3 -21.7
321    6 -18.9
321    9 -14.4
321   12 -13.9
321   15 -13.2
321   18 -19.3
321   21 -23.3
322    0 -22.6
322    3 -20.2
322    6 -18.2
322    9 -14.5
322   12 -14.4
322   15 -15.1
322   18 -17.6
322   21 -21.8
323    0 -22.3
323    3 -22.8
323    6 -17.9
323    9 -15.4
323   12 -13.5
323   15 -15.0
323   18 -18.1
323   21 -22.6
324    0 -24.6
324    3 -24.5
324    6 -17.8
324    9 -16.5
324   12 -14.0
324   15 -16.7
324   18 -18.8
324   21 -22.5
325    0 -23.7
325    3 -23.2
325    6 -20.1
325    9 -15.9
325   12 -13.7
325   15 -15.1
325   18 -18.7
325   21 -23.2
326    0 -23.7
326    3 -24.3
326    6 -18.5
326    9 -16.4
326   12 -13.7
326   15 -16.6
326   18 -20.7
326   21 -23.3
327    0 -25.2
327    3 -23.3
327    6 -21.0
327    9 -17.7
327   12 -15.6
327   15 -16.1
327   18 -21.4
327   21 -22.5
328    0 -24.1
328    3 -23.4
328    6 -20.3
328    9 -16.7
328   12 -16.5
328   15 -16.1
328   18 -19.5
328   21 -23.8
329    0 -23.9
329    3 -23.5
329    6 -18.3
329    9 -17.2
329   12 -15.1
329   15 -15.2
329   18 -18.9
329   21 -23.1
330    0 -24.4
330    3 -24.5
330    6 -19.8
330    9 -16.0
330   12 -15.6
330   15 -16.6
330   18 -21.2
330   21 -24.3
331    0 -25.4
331    3 -25.4
331    6 -21.4
331    9 -16.9
331   12 -16.2
331   15 -16.9
331   18 -21.4
331   21 -25.4
332    0 -26.1
332    3 -24.4
332    6 -21.5
332    9 -18.3
332   12 -15.3
332   15 -15.9
332   18 -21.9
332   21 -24.4
333    0 -26.3
333    3 -25.2
333    6 -19.5
333    9 -17.5
333   12 -16.5
333   15 -19.3
333   18 -21.1
333   21 -26.2
334    0 -27.1
334    3 -23.8
334    6 -21.9
334    9 -18.4
334   12 -16.1
334   15 -17.6
334   18 -19.3
334   21 -25.6
335    0 -27.7
335    3 -27.7
335    6 -21.7
335    9 -18.4
335   12 -16.7
335   15 -19.2
335   18 -19.9
335   21 -26.7
336    0 -28.1
336    3 -25.9
336    6 -23.7
336    9 -17.6
336   12 -17.5
336   15 -18.2
336   18 -22.1
336   21 -25.5
337    0 -27.1
337    3 -24.3
337    6 -21.5
337    9 -18.0
337   12 -16.7
337   15 -17.4
337   18 -20.5
337   21 -25.9
338    0 -27.5
338    3 -27.5
338    6 -21.9
338    9 -19.4
338   12 -17.5
338   15 -19.4
338   18 -21.5
338   21 -26.3
339    0 -28.7
339    3 -26.9
339    6 -23.1
339    9 -17.6
339   12 -16.5
339   15 -17.6
339   18 -22.9
339   21 -27.1
340    0 -28.1
340    3 -28.0
340    6 -22.5
340    9 -19.0
340   12 -15.9
340   15 -18.8
340   18 -22.5
340   21 -26.2
341    0 -27.7
341    3 -27.4
341    6 -21.9
341    9 -20.5
341   12 -17.3
341   15 -19.1
341   18 -23.5
341   21 -26.4
342    0 -27.9
342    3 -25.0
342    6 -25.1
342    9 -19.5
342   12 -18.9
342   15 -20.9
342   18 -23.7
342   21 -27.4
343    0 -28.8
343    3 -26.8
343    6 -22.6
343    9 -19.5
343   12 -17.6
343   15 -20.1
343   18 -22.6
343   21 -28.0
344    0 -27.8
344    3 -27.5
344    6 -23.2
344    9 -19.0
344   12 -17.0
344   15 -20.2
344   18 -24.2
344   21 -27.7
345    0 -29.3
345    3 -27.9
345    6 -23.3
345    9 -20.0
345   12 -18.9
345   15 -19.8
345   18 -22.7
345   21 -27.5
346    0 -29.3
346    3 -28.2
346    6 -23.5
346    9 -21.7
346   12 -18.7
346   15 -20.1
346   18 -24.7
346   21 -26.4
347    0 -27.8
347    3 -29.3
347    6 -23.8
347    9 -18.7
347   12 -19.0
347   15 -19.3
347   18 -23.8
347   21 -26.5
348    0 -29.3
348    3 -27.1
348    6 -24.1
348    9 -21.0
348   12 -20.7
348   15 -19.0
348   18 -24.5
348   21 -28.1
349    0 -29.7
349    3 -26.8
349    6 -23.1
349    9 -20.9
349   12 -19.9
349   15 -20.9
349   18 -26.1
349   21 -27.4
350    0 -28.4
350    3 -27.9
350    6 -24.8
350    9 -20.4
350   12 -17.8
350   15 -20.6
350   18 -22.6
350   21 -28.5
351    0 -29.1
351    3 -28.8
351    6 -23.7
351    9 -20.5
351   12 -19.9
351   15 -22.5
351   18 -23.3
351   21 -27.8
352    0 -29.6
352    3 -27.5
352    6 -22.8
352    9 -21.8
352   12 -20.6
352   15 -21.6
352   18 -24.2
352   21 -28.3
353    0 -28.3
353    3 -27.2
353    6 -24.5
353    9 -19.9
353   12 -18.9
353   15 -21.7
353   18 -24.1
353   21 -26.6
354    0 -31.6
354    3 -27.5
354    6 -22.6
354    9 -21.4
354   12 -20.0
354   15 -20.6
354   18 -24.2
354   21 -28.1
355    0 -29.8
355    3 -27.6
355    6 -25.2
355    9 -21.3
355   12 -19.6
355   15 -19.3
355   18 -24.0
355   21 -27.6
356    0 -28.5
356    3 -27.4
356    6 -22.9
356    9 -20.4
356   12 -18.1
356   15 -22.2
356   18 -23.7
356   21 -28.0
357    0 -29.2
357    3 -28.7
357    6 -24.2
357    9 -21.2
357   12 -19.2
357   15 -21.0
357   18 -26.0
357   21 -29.3
358    0 -30.0
358    3 -28.0
358    6 -24.6
358    9 -20.7
358   12 -20.4
358   15 -21.5
358   18 -24.8
358   21 -30.0
359    0 -29.7
359    3 -28.8
359    6 -25.9
359    9 -20.1
359   12 -21.3
359   15 -19.7
359   18 -24.5
359   21 -30.0
360    0 -31.1
360    3 -26.6
360    6 -25.5
360    9 -21.6
360   12 -21.3
360   15 -21.4
360   18 -25.3
360   21 -29.2
361    0 -29.5
361    3 -28.7
361    6 -24.7
361    9 -22.0
361   12 -20.7
361   15 -22.6
361   18 -23.9
361   21 -28.5
362    0 -30.8
362    3 -26.7
362    6 -23.4
362    9 -20.8
362   12 -19.2
362   15 -21.8
362   18 -24.2
362   21 -28.3
363    0 -29.2
363    3 -27.7
363    6 -25.4
363    9 -21.2
363   12 -19.4
363   15 -22.2
363   18 -23.6
363   21 -27.5
364    0 -30.4
364    3 -28.7
364    6 -24.8
364    9 -22.7
364   12 -18.2
364   15 -23.1
364   18 -24.6
364   21 -28.5
365    0 -28.8
365    3 -29.3
365    6 -25.6
365    9 -23.3
365   12 -18.6
365   15 -22.3
365   18 -24.6
365   21 -28.1
