  1    -28.4
  1    -27.3
  1    -24.8
  1    -22.5
  1    -19.4
  1   -19.3
  1   -26.0
  1   -27.7
  2    -29.4
  2    -28.9
  2    -25.0
  2    -23.7
  2   -20.8
  2   -20.5
  2   -25.0
  2   -26.5
  3    -30.6
  3    -28.3
  3    -25.2
  3    -21.6
  3   -20.4
  3   -21.0
  3   -25.0
  3   -30.3
  4    -29.2
  4    -29.1
  4    -26.2
  4    -20.0
  4   -20.0
  4   -20.4
  4   -25.2
  4   -28.5
  5    -31.3
  5    -28.9
  5    -25.1
  5    -20.4
  5   -20.6
  5   -24.9
  5   -28.1
  6    -30.7
  6    -29.0
  6    -23.9
  6    -23.2
  6   -20.9
  6   -22.0
  6   -23.9
  6   -28.8
  7    -31.1
  7    -29.6
  7    -25.5
  7    -21.7
  7   -18.5
  7   -22.3
  7   -23.1
  7   -28.2
  8    -30.6
  8    -29.6
  8    -25.8
  8    -20.5
  8   -21.8
  8   -20.5
  8   -25.6
  8   -28.6
  9    -28.8
  9    -28.7
  9    -25.4
  9    -20.2
  9   -18.8
  9   -19.2
  9   -24.4
  9   -28.7
 10    -29.1
 10    -28.2
 10    -23.9
 10    -21.0
 10   -19.3
 10   -20.8
 10   -23.5
 10   -28.8
